0.3032,0
0.5464,1
0.588,2
0.7896,3
0.8312,4
0.8728,5
0.9144,6
1.0328,7
1.0744,8
1.116,9
1.1576,10
1.1992,11
1.2408,12
1.2824,13
1.324,14
1.3656,15
1.4072,16
1.4488,17
1.4904,18
1.532,19
1.5736,20
1.6152,21
1.6568,22
1.6984,23
1.74,24
1.7816,25
1.8232,26
1.8648,27
1.9064,27
1.948,27
1.9896,27
2.0312,27
2.0728,27
2.1144,27
2.156,27
2.1976,27
2.2392,27
2.2808,27
2.3224,27
2.364,27
2.4056,27
2.4472,27
2.4888,27
2.5304,27
2.572,29
2.8028,29
2.8444,31
2.886,31
3.046,33
3.0876,33
3.1292,35
3.1708,35
3.2892,37
3.3308,37
3.3724,39
3.414,39
3.4556,41
3.4972,41
3.5388,43
3.5804,43
3.622,45
3.6636,45
3.7052,47
3.7468,47
3.7884,49
3.83,49
3.8716,51
3.9132,51
3.9548,53
3.9964,53
4.038,55
4.0796,55
4.1212,58
4.1628,58
4.2044,58
4.246,59
4.2876,60
4.3292,61
4.3708,62
4.4124,63
4.454,64
4.4956,65
4.5372,66
4.5788,67
4.6204,68
4.662,69
4.7036,70
4.7452,71
4.7868,72
4.8284,73
4.87,74
4.9116,75
4.9532,76
4.9948,77
5.0364,78
5.078,79
5.1196,80
5.1612,81
5.2028,82
5.2444,83
5.286,84
5.3276,85
5.3692,86
5.4108,87
5.4524,88
5.494,89
5.5356,90
5.5772,91
5.6188,92
5.6604,93
5.702,94
5.7436,95
5.7852,96
5.8268,97
5.8684,98
5.91,99
5.9516,100
5.9932,101
6.0348,102
6.0764,103
6.118,104
6.1596,105
6.2012,106
6.2428,107
6.2844,108
6.326,109
6.3676,110
6.4092,111
6.4508,112
6.4924,113
6.534,114
6.5756,115
6.6172,116
6.6588,117
6.7004,118
6.742,119
6.7836,120
6.8252,121
6.8668,122
6.9084,123
6.95,124
6.9916,125
7.0332,126
7.0748,127
7.1164,128
7.158,129
7.1996,130
7.2412,131
7.2828,132
7.3244,133
7.366,134
7.4076,135
7.4492,136
7.4908,137
7.5324,138
7.574,139
7.6156,140
7.6572,141
7.6988,142
7.7404,143
7.782,144
7.8236,145
7.8652,146
7.9068,147
7.9484,148
7.99,149
8.0316,150
8.0732,151
8.1148,151
8.1564,151
8.198,151
8.2396,151
8.2812,151
8.3228,151
8.3644,151
8.406,151
8.4476,151
8.4892,151
8.5308,151
8.5724,151
8.614,151
8.6556,151
8.6972,151
8.7388,151
8.7804,168
8.822,169
8.8636,170
8.9052,171
8.9468,172
8.9884,173
9.03,174
9.0716,175
9.1132,176
9.1548,177
9.1964,178
9.238,179
9.2796,180
9.3212,181
9.3628,182
9.4044,183
9.446,184
9.4876,185
9.5292,186
9.5708,187
9.6124,188
9.654,189
9.6956,190
9.7372,191
9.7788,192
9.8204,193
9.862,194
9.9036,195
9.9452,196
9.9868,197
10.0284,198
10.07,199
10.1116,200
10.1532,201
10.1948,202
10.2364,203
10.278,204
10.3196,205
10.3612,206
10.4028,207
10.4444,208
10.486,209
10.5276,210
10.5692,211
10.6108,212
10.6524,213
10.694,214
10.7356,215
10.7772,216
10.8188,217
10.8604,218
10.902,219
10.9436,220
10.9852,221
11.0268,222
11.0684,223
11.11,224
11.1516,225
11.1932,226
11.2348,227
11.2764,228
11.318,229
11.3596,230
11.4012,231
11.4428,232
11.4844,233
11.526,234
11.5676,235
11.6092,236
11.6508,237
11.6924,238
11.734,239
11.7756,240
11.8172,241
11.8588,242
11.9004,243
11.942,244
11.9836,245
12.0252,246
12.0668,247
12.1084,248
12.15,249
12.1916,250
12.2332,251
12.2748,252
12.3164,253
12.358,254
12.3996,255
12.4412,256
12.4828,257
12.5244,258
12.566,259
12.6076,260
12.6492,261
12.6908,262
12.7324,262
12.774,262
12.8156,262
12.8572,262
12.8988,262
12.9404,262
12.982,262
13.0236,262
13.0652,262
13.1068,262
13.1484,262
13.19,262
13.2316,262
13.2732,262
13.3148,262
13.3564,262
13.398,279
13.4396,280
13.4812,281
13.5228,282
13.5644,283
13.606,284
13.6476,285
13.6892,286
13.7308,287
13.7724,288
13.814,289
13.8556,290
13.8972,291
13.9388,292
13.9804,293
14.022,294
14.0636,295
14.1052,296
14.1468,297
14.1884,298
14.23,299
14.2716,300
14.3132,301
14.3548,302
14.3964,303
14.438,304
14.4796,305
14.5212,306
14.5628,307
14.6044,308
14.646,309
14.6876,310
14.7292,311
14.7708,312
14.8124,313
14.854,314
14.8956,315
14.9372,316
14.9788,317
15.0204,318
15.062,319
15.1036,320
15.1452,321
15.1868,322
15.2284,323
15.27,324
15.3116,325
15.3532,326
15.3948,327
15.4364,328
15.478,329
15.5196,330
15.5612,331
15.6028,332
15.6444,333
15.686,334
15.7276,335
15.7692,336
15.8108,337
15.8524,338
15.894,339
15.9356,340
15.9772,341
16.0188,342
16.0604,343
16.102,344
16.1436,345
16.1852,346
16.2268,347
16.2684,348
16.31,349
16.3516,350
16.3932,351
16.4348,352
16.4764,353
16.518,354
16.5596,355
16.6012,356
16.6428,357
16.6844,358
16.726,359
16.7676,360
16.8092,361
16.8508,362
16.8924,363
16.934,364
16.9756,365
17.0172,366
17.0588,367
17.1004,368
17.142,369
17.1836,370
17.2252,371
17.2668,372
17.3084,373
17.35,373
17.3916,373
17.4332,373
17.4748,373
17.5164,373
17.558,373
17.5996,373
17.6412,373
17.6828,373
17.7244,373
17.766,373
17.8076,373
17.8492,373
17.8908,373
17.9324,373
17.974,373
18.0156,390
18.0572,391
18.0988,392
18.1404,393
18.182,394
18.2236,395
18.2652,396
18.3068,397
18.3484,398
18.39,399
18.4316,400
18.4732,401
18.5148,402
18.5564,403
18.598,404
18.6396,405
18.6812,406
18.7228,407
18.7644,408
18.806,409
18.8476,410
18.8892,411
18.9308,412
18.9724,413
19.014,414
19.0556,415
19.0972,416
19.1388,417
19.1804,418
19.222,419
19.2636,420
19.3052,421
19.3468,422
19.3884,423
19.43,424
19.4716,425
19.5132,426
19.5548,427
19.5964,428
19.638,429
19.6796,430
19.7212,431
19.7628,432
19.8044,433
19.846,434
19.8876,435
19.9292,436
19.9708,437
20.0124,438
20.054,439
20.0956,440
20.1372,441
20.1788,442
20.2204,443
20.262,444
20.3036,445
20.3452,446
20.3868,447
20.4284,448
20.47,449
20.5116,450
20.5532,451
20.5948,452
20.6364,453
20.678,454
20.7196,455
20.7612,456
20.8028,457
20.8444,458
20.886,459
20.9276,460
20.9692,461
21.0108,462
21.0524,463
21.094,464
21.1356,465
21.1772,466
21.2188,467
21.2604,468
21.302,469
21.3436,470
21.3852,471
21.4268,472
21.4684,473
21.51,474
21.5516,475
21.5932,476
21.6348,477
21.6764,478
21.718,479
21.7596,480
21.8012,481
21.8428,482
21.8844,483
21.926,484
21.9676,484
22.0092,484
22.0508,484
22.0924,484
22.134,484
22.1756,484
22.2172,484
22.2588,484
22.3004,484
22.342,484
22.3836,484
22.4252,484
22.4668,484
22.5084,484
22.55,484
22.5916,484
22.6332,501
22.6748,502
22.7164,503
22.758,504
22.7996,505
22.8412,506
22.8828,507
22.9244,508
22.966,509
23.0076,510
23.0492,511
23.0908,512
23.1324,513
23.174,514
23.2156,515
23.2572,516
23.2988,517
23.3404,518
23.382,519
23.4236,520
23.4652,521
23.5068,522
23.5484,523
23.59,524
23.6316,525
23.6732,526
23.7148,527
23.7564,528
23.798,529
23.8396,530
23.8812,531
23.9228,532
23.9644,533
24.006,534
24.0476,535
24.0892,536
24.1308,537
24.1724,538
24.214,539
24.2556,540
24.2972,541
24.3388,542
24.3804,543
24.422,544
24.4636,545
24.5052,546
24.5468,547
24.5884,548
24.63,549
24.6716,550
24.7132,551
24.7548,552
24.7964,553
24.838,554
24.8796,555
24.9212,556
24.9628,557
25.0044,558
25.046,559
25.0876,560
25.1292,561
25.1708,562
25.2124,563
25.254,564
25.2956,565
25.3372,566
25.3788,567
25.4204,568
25.462,569
25.5036,570
25.5452,571
25.5868,572
25.6284,573
25.67,574
25.7116,575
25.7532,576
25.7948,577
25.8364,578
25.878,579
25.9196,580
25.9612,581
26.0028,582
26.0444,583
26.086,584
26.1276,585
26.1692,586
26.2108,587
26.2524,588
26.294,589
26.3356,590
26.3772,591
26.4188,592
26.4604,593
26.502,594
26.5436,595
26.5852,595
26.6268,595
26.6684,595
26.71,595
26.7516,595
26.7932,595
26.8348,595
26.8764,595
26.918,595
26.9596,595
27.0012,595
27.0428,595
27.0844,595
27.126,595
27.1676,595
27.2092,595
27.2508,612
27.2924,613
27.334,614
27.3756,615
27.4172,616
27.4588,617
27.5004,618
27.542,619
27.5836,620
27.6252,621
27.6668,622
27.7084,623
27.75,624
27.7916,625
27.8332,626
27.8748,627
27.9164,628
27.958,629
27.9996,630
28.0412,631
28.0828,632
28.1244,633
28.166,634
28.2076,635
28.2492,636
28.2908,637
28.3324,638
28.374,639
28.4156,640
28.4572,641
28.4988,642
28.5404,643
28.582,644
28.6236,645
28.6652,646
28.7068,647
28.7484,648
28.79,649
28.8316,650
28.8732,651
28.9148,652
28.9564,653
28.998,654
29.0396,655
29.0812,656
29.1228,657
29.1644,658
29.206,659
29.2476,660
29.2892,661
29.3308,662
29.3724,663
29.414,664
29.4556,665
29.4972,666
29.5388,667
29.5804,668
29.622,669
29.6636,670
29.7052,671
29.7468,672
29.7884,673
29.83,674
29.8716,675
29.9132,676
29.9548,677
29.9964,678
30.038,679
30.0796,680
30.1212,681
30.1628,682
30.2044,683
30.246,684
30.2876,685
30.3292,686
30.3708,687
30.4124,688
30.454,689
30.4956,690
30.5372,691
30.5788,692
30.6204,693
30.662,694
30.7036,695
30.7452,696
30.7868,697
30.8284,698
30.87,699
30.9116,700
30.9532,701
30.9948,702
31.0364,703
31.078,704
31.1196,705
31.1612,706
31.2028,706
31.2444,706
31.286,706
31.3276,706
31.3692,706
31.4108,706
31.4524,706
31.494,706
31.5356,706
31.5772,706
31.6188,706
31.6604,706
31.702,706
31.7436,706
31.7852,706
31.8268,706
31.8684,723
31.91,724
31.9516,725
31.9932,726
32.0348,727
32.0764,728
32.118,729
32.1596,730
32.2012,731
32.2428,732
32.2844,733
32.326,734
32.3676,735
32.4092,736
32.4508,737
32.4924,738
32.534,739
32.5756,740
32.6172,741
32.6588,742
32.7004,743
32.742,744
32.7836,745
32.8252,746
32.8668,747
32.9084,748
32.95,749
32.9916,750
33.0332,751
33.0748,752
33.1164,753
33.158,754
33.1996,755
33.2412,756
33.2828,757
33.3244,758
33.366,759
33.4076,760
33.4492,761
33.4908,762
33.5324,763
33.574,764
33.6156,765
33.6572,766
33.6988,767
33.7404,768
33.782,769
33.8236,770
33.8652,771
33.9068,772
33.9484,773
33.99,774
34.0316,775
34.0732,776
34.1148,777
34.1564,778
34.198,779
34.2396,780
34.2812,781
34.3228,782
34.3644,783
34.406,784
34.4476,785
34.4892,786
34.5308,787
34.5724,788
34.614,789
34.6556,790
34.6972,791
34.7388,792
34.7804,793
34.822,794
34.8636,795
34.9052,796
34.9468,797
34.9884,798
35.03,799
35.0716,800
35.1132,801
35.1548,802
35.1964,803
35.238,804
35.2796,805
35.3212,806
35.3628,807
35.4044,808
35.446,809
35.4876,810
35.5292,811
35.5708,812
35.6124,813
35.654,814
35.6956,815
35.7372,816
35.7788,817
35.8204,817
35.862,817
35.9036,817
35.9452,817
35.9868,817
36.0284,817
36.07,817
36.1116,817
36.1532,817
36.1948,817
36.2364,817
36.278,817
36.3196,817
36.3612,817
36.4028,817
36.4444,817
36.486,834
36.5276,835
36.5692,836
36.6108,837
36.6524,838
36.694,839
36.7356,840
36.7772,841
36.8188,842
36.8604,843
36.902,844
36.9436,845
36.9852,846
37.0268,847
37.0684,848
37.11,849
37.1516,850
37.1932,851
37.2348,852
37.2764,853
37.318,854
37.3596,855
37.4012,856
37.4428,857
37.4844,858
37.526,859
37.5676,860
37.6092,861
37.6508,862
37.6924,863
37.734,864
37.7756,865
37.8172,866
37.8588,867
37.9004,868
37.942,869
37.9836,870
38.0252,871
38.0668,872
38.1084,873
38.15,874
38.1916,875
38.2332,876
38.2748,877
38.3164,878
38.358,879
38.3996,880
38.4412,881
38.4828,882
38.5244,883
38.566,884
38.6076,885
38.6492,886
38.6908,887
38.7324,888
38.774,889
38.8156,890
38.8572,891
38.8988,892
38.9404,893
38.982,894
39.0236,895
39.0652,896
39.1068,897
39.1484,898
39.19,899
39.2316,900
39.2732,901
39.3148,902
39.3564,903
39.398,904
39.4396,905
39.4812,906
39.5228,907
39.5644,908
39.606,909
39.6476,910
39.6892,911
39.7308,912
39.7724,913
39.814,914
39.8556,915
39.8972,916
39.9388,917
39.9804,918
40.022,919
40.0636,920
