0.3032,0
0.5464,1
0.588,2
0.7896,3
0.8312,4
0.8728,5
0.9144,6
1.0328,7
1.0744,8
1.116,9
1.1576,10
1.1992,11
1.2408,12
1.2824,13
1.324,14
1.3656,15
1.4072,16
1.4488,17
1.4904,18
1.532,19
1.5736,20
1.6152,21
1.6568,22
1.6984,23
1.74,24
1.7816,25
1.8232,26
1.8648,27
1.9064,27
1.948,27
1.9896,27
2.0312,27
2.0728,27
2.1144,27
2.156,27
2.1976,27
2.2392,27
2.2808,27
2.3224,27
2.364,27
2.4056,27
2.4472,27
2.4888,27
2.5304,27
2.572,29
2.8028,29
2.8444,31
2.886,31
3.046,33
3.0876,33
3.1292,35
3.2892,35
3.3308,37
3.3724,37
3.414,39
3.5324,39
3.574,41
3.6156,41
3.6572,43
3.7756,43
3.8172,45
3.8588,45
3.9004,47
3.942,47
4.0188,49
4.0604,49
4.102,51
4.1436,51
4.1852,53
4.262,53
4.3036,55
4.3452,55
4.3868,58
4.4284,58
4.47,58
4.5116,59
4.5532,60
4.5948,61
4.6364,62
4.678,63
4.7196,64
4.7612,65
4.8028,66
4.8444,67
4.886,68
4.9276,69
4.9692,70
5.0108,71
5.0524,72
5.094,73
5.1356,74
5.1772,75
5.2188,76
5.2604,77
5.302,78
5.3436,79
5.3852,80
5.4268,81
5.4684,82
5.51,83
5.5516,84
5.5932,85
5.6348,86
5.6764,87
5.718,88
5.7596,89
5.8012,90
5.8428,91
5.8844,92
5.926,93
5.9676,94
6.0092,95
6.0508,96
6.0924,97
6.134,98
6.1756,99
6.2172,100
6.2588,101
6.3004,102
6.342,103
6.3836,104
6.4252,105
6.4668,106
6.5084,107
6.55,108
6.5916,109
6.6332,110
6.6748,111
6.7164,112
6.758,113
6.7996,114
6.8412,115
6.8828,116
6.9244,117
6.966,118
7.0076,119
7.0492,120
7.0908,121
7.1324,122
7.174,123
7.2156,124
7.2572,125
7.2988,126
7.3404,127
7.382,128
7.4236,129
7.4652,130
7.5068,131
7.5484,132
7.59,133
7.6316,134
7.6732,135
7.7148,136
7.7564,137
7.798,138
7.8396,139
7.8812,140
7.9228,141
7.9644,142
8.006,143
8.0476,144
8.0892,145
8.1308,146
8.1724,147
8.214,148
8.2556,149
8.2972,150
8.3388,151
8.3804,152
8.422,153
8.4636,154
8.5052,155
8.5468,156
8.5884,157
8.63,158
8.6716,159
8.7132,160
8.7548,161
8.7964,162
8.838,163
8.8796,164
8.9212,165
8.9628,166
9.0044,167
9.046,168
9.0876,168
9.1292,168
9.1708,168
9.2124,168
9.254,168
9.2956,168
9.3372,168
9.3788,168
9.4204,168
9.462,168
9.5036,168
9.5452,168
9.5868,168
9.6284,168
9.67,168
9.7116,168
9.7532,185
9.9964,186
10.038,187
10.2396,188
10.2812,189
10.3228,190
10.3644,191
10.4828,192
10.5244,193
10.566,194
10.6076,195
10.6492,196
10.6908,197
10.7324,198
10.774,199
10.8156,200
10.8572,201
10.8988,202
10.9404,203
10.982,204
11.0236,205
11.0652,206
11.1068,207
11.1484,208
11.19,209
11.2316,210
11.2732,211
11.3148,212
11.3564,213
11.398,214
11.4396,215
11.4812,216
11.5228,217
11.5644,218
11.606,219
11.6476,220
11.6892,221
11.7308,222
11.7724,223
11.814,224
11.8556,225
11.8972,226
11.9388,227
11.9804,228
12.022,229
12.0636,230
12.1052,231
12.1468,232
12.1884,233
12.23,234
12.2716,235
12.3132,236
12.3548,237
12.3964,238
12.438,239
12.4796,240
12.5212,241
12.5628,242
12.6044,243
12.646,244
12.6876,245
12.7292,246
12.7708,247
12.8124,248
12.854,249
12.8956,250
12.9372,251
12.9788,252
13.0204,253
13.062,254
13.1036,255
13.1452,256
13.1868,257
13.2284,258
13.27,259
13.3116,260
13.3532,261
13.3948,262
13.4364,263
13.478,264
13.5196,265
13.5612,266
13.6028,267
13.6444,268
13.686,269
13.7276,270
13.7692,271
13.8108,272
13.8524,273
13.894,274
13.9356,275
13.9772,276
14.0188,277
14.0604,278
14.102,279
14.1436,280
14.1852,281
14.2268,282
14.2684,283
14.31,284
14.3516,285
14.3932,286
14.4348,287
14.4764,288
14.518,289
14.5596,290
14.6012,291
14.6428,292
14.6844,292
14.726,292
14.7676,292
14.8092,292
14.8508,292
14.8924,292
14.934,292
14.9756,292
15.0172,292
15.0588,292
15.1004,292
15.142,292
15.1836,292
15.2252,292
15.2668,292
15.3084,292
15.35,309
15.5932,310
15.6348,311
15.8364,312
15.878,313
15.9196,314
15.9612,315
16.0796,316
16.1212,317
16.1628,318
16.2044,319
16.246,320
16.2876,321
16.3292,322
16.3708,323
16.4124,324
16.454,325
16.4956,326
16.5372,327
16.5788,328
16.6204,329
16.662,330
16.7036,331
16.7452,332
16.7868,333
16.8284,334
16.87,335
16.9116,336
16.9532,337
16.9948,338
17.0364,339
17.078,340
17.1196,341
17.1612,342
17.2028,343
17.2444,344
17.286,345
17.3276,346
17.3692,347
17.4108,348
17.4524,349
17.494,350
17.5356,351
17.5772,352
17.6188,353
17.6604,354
17.702,355
17.7436,356
17.7852,357
17.8268,358
17.8684,359
17.91,360
17.9516,361
17.9932,362
18.0348,363
18.0764,364
18.118,365
18.1596,366
18.2012,367
18.2428,368
18.2844,369
18.326,370
18.3676,371
18.4092,372
18.4508,373
18.4924,374
18.534,375
18.5756,376
18.6172,377
18.6588,378
18.7004,379
18.742,380
18.7836,381
18.8252,382
18.8668,383
18.9084,384
18.95,385
18.9916,386
19.0332,387
19.0748,388
19.1164,389
19.158,390
19.1996,391
19.2412,392
19.2828,393
19.3244,394
19.366,395
19.4076,396
19.4492,397
19.4908,398
19.5324,399
19.574,400
19.6156,401
19.6572,402
19.6988,403
19.7404,404
19.782,405
19.8236,406
19.8652,407
19.9068,408
19.9484,409
19.99,410
20.0316,411
20.0732,412
20.1148,413
20.1564,414
20.198,415
20.2396,416
20.2812,416
20.3228,416
20.3644,416
20.406,416
20.4476,416
20.4892,416
20.5308,416
20.5724,416
20.614,416
20.6556,416
20.6972,416
20.7388,416
20.7804,416
20.822,416
20.8636,416
20.9052,416
20.9468,433
21.19,434
21.2316,435
21.4332,436
21.4748,437
21.5164,438
21.558,439
21.6764,440
21.718,441
21.7596,442
21.8012,443
21.8428,444
21.8844,445
21.926,446
21.9676,447
22.0092,448
22.0508,449
22.0924,450
22.134,451
22.1756,452
22.2172,453
22.2588,454
22.3004,455
22.342,456
22.3836,457
22.4252,458
22.4668,459
22.5084,460
22.55,461
22.5916,462
22.6332,463
22.6748,464
22.7164,465
22.758,466
22.7996,467
22.8412,468
22.8828,469
22.9244,470
22.966,471
23.0076,472
23.0492,473
23.0908,474
23.1324,475
23.174,476
23.2156,477
23.2572,478
23.2988,479
23.3404,480
23.382,481
23.4236,482
23.4652,483
23.5068,484
23.5484,485
23.59,486
23.6316,487
23.6732,488
23.7148,489
23.7564,490
23.798,491
23.8396,492
23.8812,493
23.9228,494
23.9644,495
24.006,496
24.0476,497
24.0892,498
24.1308,499
24.1724,500
24.214,501
24.2556,502
24.2972,503
24.3388,504
24.3804,505
24.422,506
24.4636,507
24.5052,508
24.5468,509
24.5884,510
24.63,511
24.6716,512
24.7132,513
24.7548,514
24.7964,515
24.838,516
24.8796,517
24.9212,518
24.9628,519
25.0044,520
25.046,521
25.0876,522
25.1292,523
25.1708,524
25.2124,525
25.254,526
25.2956,527
25.3372,528
25.3788,529
25.4204,530
25.462,531
25.5036,532
25.5452,533
25.5868,534
25.6284,535
25.67,536
25.7116,537
25.7532,538
25.7948,539
25.8364,540
25.878,540
25.9196,540
25.9612,540
26.0028,540
26.0444,540
26.086,540
26.1276,540
26.1692,540
26.2108,540
26.2524,540
26.294,540
26.3356,540
26.3772,540
26.4188,540
26.4604,540
26.502,540
26.5436,557
26.7868,558
26.8284,559
27.03,560
27.0716,561
27.1132,562
27.1548,563
27.2732,564
27.3148,565
27.3564,566
27.398,567
27.4396,568
27.4812,569
27.5228,570
27.5644,571
27.606,572
27.6476,573
27.6892,574
27.7308,575
27.7724,576
27.814,577
27.8556,578
27.8972,579
27.9388,580
27.9804,581
28.022,582
28.0636,583
28.1052,584
28.1468,585
28.1884,586
28.23,587
28.2716,588
28.3132,589
28.3548,590
28.3964,591
28.438,592
28.4796,593
28.5212,594
28.5628,595
28.6044,596
28.646,597
28.6876,598
28.7292,599
28.7708,600
28.8124,601
28.854,602
28.8956,603
28.9372,604
28.9788,605
29.0204,606
29.062,607
29.1036,608
29.1452,609
29.1868,610
29.2284,611
29.27,612
29.3116,613
29.3532,614
29.3948,615
29.4364,616
29.478,617
29.5196,618
29.5612,619
29.6028,620
29.6444,621
29.686,622
29.7276,623
29.7692,624
29.8108,625
29.8524,626
29.894,627
29.9356,628
29.9772,629
30.0188,630
30.0604,631
30.102,632
30.1436,633
30.1852,634
30.2268,635
30.2684,636
30.31,637
30.3516,638
30.3932,639
30.4348,640
30.4764,641
30.518,642
30.5596,643
30.6012,644
30.6428,645
30.6844,646
30.726,647
30.7676,648
30.8092,649
30.8508,650
30.8924,651
30.934,652
30.9756,653
31.0172,654
31.0588,655
31.1004,656
31.142,657
31.1836,658
31.2252,659
31.2668,660
31.3084,661
31.35,662
31.3916,663
31.4332,664
31.4748,664
31.5164,664
31.558,664
31.5996,664
31.6412,664
31.6828,664
31.7244,664
31.766,664
31.8076,664
31.8492,664
31.8908,664
31.9324,664
31.974,664
32.0156,664
32.0572,664
32.0988,664
32.1404,681
32.3836,682
32.4252,683
32.6268,684
32.6684,685
32.71,686
32.7516,687
32.87,688
32.9116,689
32.9532,690
32.9948,691
33.0364,692
33.078,693
33.1196,694
33.1612,695
33.2028,696
33.2444,697
33.286,698
33.3276,699
33.3692,700
33.4108,701
33.4524,702
33.494,703
33.5356,704
33.5772,705
33.6188,706
33.6604,707
33.702,708
33.7436,709
33.7852,710
33.8268,711
33.8684,712
33.91,713
33.9516,714
33.9932,715
34.0348,716
34.0764,717
34.118,718
34.1596,719
34.2012,720
34.2428,721
34.2844,722
34.326,723
34.3676,724
34.4092,725
34.4508,726
34.4924,727
34.534,728
34.5756,729
34.6172,730
34.6588,731
34.7004,732
34.742,733
34.7836,734
34.8252,735
34.8668,736
34.9084,737
34.95,738
34.9916,739
35.0332,740
35.0748,741
35.1164,742
35.158,743
35.1996,744
35.2412,745
35.2828,746
35.3244,747
35.366,748
35.4076,749
35.4492,750
35.4908,751
35.5324,752
35.574,753
35.6156,754
35.6572,755
35.6988,756
35.7404,757
35.782,758
35.8236,759
35.8652,760
35.9068,761
35.9484,762
35.99,763
36.0316,764
36.0732,765
36.1148,766
36.1564,767
36.198,768
36.2396,769
36.2812,770
36.3228,771
36.3644,772
36.406,773
36.4476,774
36.4892,775
36.5308,776
36.5724,777
36.614,778
36.6556,779
36.6972,780
36.7388,781
36.7804,782
36.822,783
36.8636,784
36.9052,785
36.9468,786
36.9884,787
37.03,788
37.0716,788
37.1132,788
37.1548,788
37.1964,788
37.238,788
37.2796,788
37.3212,788
37.3628,788
37.4044,788
37.446,788
37.4876,788
37.5292,788
37.5708,788
37.6124,788
37.654,788
37.6956,788
37.7372,805
37.9804,806
38.022,807
38.2236,808
38.2652,809
38.3068,810
38.3484,811
38.4668,812
38.5084,813
38.55,814
38.5916,815
38.6332,816
38.6748,817
38.7164,818
38.758,819
38.7996,820
38.8412,821
38.8828,822
38.9244,823
38.966,824
39.0076,825
39.0492,826
39.0908,827
39.1324,828
39.174,829
39.2156,830
39.2572,831
39.2988,832
39.3404,833
39.382,834
39.4236,835
39.4652,836
39.5068,837
39.5484,838
39.59,839
39.6316,840
39.6732,841
39.7148,842
39.7564,843
39.798,844
39.8396,845
39.8812,846
39.9228,847
39.9644,848
40.006,849
40.0476,850
40.0892,851
