0.3032,2
0.5464,3
0.588,4
0.7896,5
0.8312,6
0.8728,7
0.9144,8
1.0328,9
1.0744,10
1.116,11
1.1576,12
1.1992,13
1.2408,14
1.2824,15
1.324,16
1.3656,17
1.4072,18
1.4488,19
1.4904,20
1.532,21
1.5736,22
1.6152,23
1.6568,24
1.6984,25
1.74,26
1.7816,27
1.8232,28
1.8648,29
1.9896,14.5
2.5596,1
2.572,2
2.8444,3
3.046,4
3.1292,5
3.2892,6
3.3724,7
3.4556,7.14286
3.5388,7.28286
3.622,7.42017
3.7052,7.55493
3.7884,7.6873
3.8716,7.81738
3.9548,7.9453
4.038,8.07116
4.1212,8.19506
4.246,8.31709
4.2876,8.43732
4.3292,8.55584
4.3708,8.67272
4.4124,8.78802
4.454,8.90182
4.4956,9.01415
4.5372,9.12509
4.5788,9.23468
4.6204,9.34296
4.662,9.45
4.7036,9.55582
4.7452,9.66047
4.7868,9.76398
4.8284,9.8664
4.87,9.96775
4.9116,10.0681
4.9532,10.1674
4.9948,10.2658
5.0364,10.3632
5.078,10.4597
5.1196,10.5553
5.1612,10.65
5.2028,10.7439
5.2444,10.837
5.286,10.9293
5.3276,11.0208
5.36919999999999,11.1115
5.41079999999999,11.2015
5.45239999999999,11.2908
5.49399999999999,11.3793
5.53559999999999,11.4672
5.57719999999999,11.5544
5.61879999999999,11.641
5.66039999999999,11.7269
5.70199999999999,11.8121
5.74359999999999,11.8968
5.78519999999999,11.9809
5.82679999999999,12.0643
5.86839999999999,12.1472
5.90999999999999,12.2295
5.95159999999999,12.3113
5.99319999999999,12.3925
6.03479999999999,12.4732
6.07639999999999,12.5534
6.11799999999999,12.6331
6.15959999999999,12.7122
6.20119999999999,12.7909
6.24279999999999,12.8691
6.28439999999999,12.9468
6.32599999999999,13.024
6.36759999999999,13.1008
6.40919999999999,13.1771
6.45079999999999,13.253
6.49239999999999,13.3285
6.53399999999999,13.4035
6.57559999999999,13.4781
6.61719999999999,13.5523
6.65879999999999,13.6261
6.70039999999999,13.6995
6.74199999999999,13.7725
6.78359999999999,13.8451
6.82519999999999,13.9173
6.86679999999999,13.9891
6.90839999999999,14.0606
6.94999999999999,14.1318
6.99159999999999,14.2025
7.03319999999999,14.2729
7.07479999999999,14.343
7.11639999999999,14.4127
7.15799999999999,14.4821
7.19959999999999,14.5511
7.24119999999999,14.6199
7.28279999999999,14.6883
7.32439999999999,14.7563
7.36599999999999,14.8241
7.40759999999999,14.8916
7.44919999999999,14.9587
7.49079999999999,15.0256
7.53239999999999,15.0921
7.57399999999999,15.1584
7.61559999999999,15.2244
7.65719999999999,15.29
7.69879999999999,15.3554
7.74039999999999,15.4206
7.78199999999999,15.4854
7.82359999999999,15.55
7.86519999999999,15.6143
7.90679999999999,15.6783
7.94839999999999,15.7421
7.98999999999999,15.8057
8.03159999999998,15.8689
8.07319999999999,15.9319
8.19799999999998,7.96597
8.78039999999999,8.0915
8.82199999999999,8.21509
8.86359999999999,8.33682
8.9052,8.45677
8.9468,8.57501
8.9884,8.69163
9.03,8.80669
9.0716,8.92024
9.1132,9.03234
9.1548,9.14305
9.1964,9.25243
9.238,9.36051
9.2796,9.46734
9.3212,9.57296
9.3628,9.67742
9.4044,9.78076
9.44600000000001,9.883
9.48760000000001,9.98418
9.52920000000001,10.0843
9.57080000000001,10.1835
9.61240000000001,10.2817
9.65400000000001,10.379
9.69560000000001,10.4753
9.73720000000001,10.5708
9.77880000000001,10.6654
9.82040000000001,10.7591
9.86200000000001,10.8521
9.90360000000001,10.9442
9.94520000000001,11.0356
9.98680000000001,11.1262
10.0284,11.2161
10.07,11.3053
10.1116,11.3937
10.1532,11.4815
10.1948,11.5686
10.2364,11.655
10.278,11.7408
10.3196,11.826
10.3612,11.9105
10.4028,11.9945
10.4444,12.0779
10.486,12.1607
10.5276,12.2429
10.5692,12.3246
10.6108,12.4057
10.6524,12.4863
10.694,12.5664
10.7356,12.646
10.7772,12.7251
10.8188,12.8037
10.8604,12.8818
10.902,12.9594
10.9436,13.0366
10.9852,13.1133
11.0268,13.1895
11.0684,13.2653
11.11,13.3407
11.1516,13.4157
11.1932,13.4902
11.2348,13.5643
11.2764,13.6381
11.318,13.7114
11.3596,13.7843
11.4012,13.8569
11.4428,13.929
11.4844,14.0008
11.526,14.0723
11.5676,14.1433
11.6092,14.214
11.6508,14.2844
11.6924,14.3544
11.734,14.424
11.7756,14.4934
11.8172,14.5624
11.8588,14.631
11.9004,14.6994
11.942,14.7674
11.9836000000001,14.8351
12.0252000000001,14.9025
12.0668000000001,14.9696
12.1084000000001,15.0364
12.1500000000001,15.103
12.1916000000001,15.1692
12.2332000000001,15.2351
12.2748000000001,15.3007
12.3164000000001,15.3661
12.3580000000001,15.4312
12.3996000000001,15.496
12.4412000000001,15.5605
12.4828000000001,15.6248
12.5244000000001,15.6888
12.5660000000001,15.7525
12.6076000000001,15.816
12.6492000000001,15.8792
12.6908000000001,15.9422
12.8156000000001,7.97109
13.3980000000001,8.09655
13.4396000000001,8.22006
13.4812000000001,8.34171
13.5228000000001,8.46159
13.5644000000001,8.57977
13.6060000000001,8.69633
13.6476000000001,8.81132
13.6892000000001,8.92481
13.7308000000001,9.03685
13.7724000000001,9.14751
13.8140000000001,9.25683
13.8556000000001,9.36486
13.8972000000001,9.47164
13.9388000000001,9.57722
13.9804000000001,9.68163
14.0220000000001,9.78492
14.0636000000001,9.88712
14.1052000000001,9.98826
14.1468000000001,10.0884
14.1884000000001,10.1875
14.2300000000001,10.2857
14.2716000000001,10.3829
14.3132000000001,10.4792
14.3548000000001,10.5746
14.3964000000001,10.6692
14.4380000000001,10.7629
14.4796000000001,10.8558
14.5212000000001,10.9479
14.5628000000001,11.0393
14.6044000000001,11.1299
14.6460000000001,11.2197
14.6876000000001,11.3089
14.7292000000001,11.3973
14.7708000000001,11.485
14.8124000000001,11.5721
14.8540000000001,11.6585
14.8956000000001,11.7443
14.9372000000001,11.8294
14.9788000000001,11.914
15.0204000000001,11.9979
15.0620000000001,12.0812
15.1036000000001,12.164
15.1452000000001,12.2462
15.1868000000001,12.3279
15.2284000000001,12.409
15.2700000000001,12.4896
15.3116000000001,12.5697
15.3532000000001,12.6492
15.3948000000001,12.7283
15.4364000000001,12.8068
15.4780000000001,12.8849
15.5196000000001,12.9625
15.5612000000001,13.0397
15.6028000000001,13.1164
15.6444000000001,13.1926
15.6860000000001,13.2684
15.7276000000001,13.3438
15.7692000000001,13.4187
15.8108000000001,13.4932
15.8524000000001,13.5673
15.8940000000001,13.641
15.9356000000001,13.7144
15.9772000000001,13.7873
16.0188000000001,13.8598
16.0604000000001,13.932
16.1020000000001,14.0037
16.1436000000001,14.0751
16.1852000000001,14.1462
16.2268000000001,14.2169
16.2684000000001,14.2872
16.3100000000001,14.3572
16.3516000000001,14.4269
16.3932000000001,14.4962
16.4348000000001,14.5652
16.4764000000001,14.6338
16.5180000000001,14.7022
16.5596000000001,14.7702
16.6012000000001,14.8379
16.6428000000001,14.9053
16.6844000000001,14.9724
16.7260000000001,15.0392
16.7676000000001,15.1056
16.8092000000001,15.1718
16.8508000000001,15.2378
16.8924000000001,15.3034
16.9340000000001,15.3687
16.9756000000001,15.4338
17.0172000000001,15.4986
17.0588000000001,15.5631
17.1004000000001,15.6274
17.1420000000001,15.6914
17.1836000000001,15.7551
17.2252000000001,15.8186
17.2668000000001,15.8818
17.3084000000001,15.9447
17.4332000000001,7.97237
18.0156000000001,8.0978
18.0572000000001,8.22129
18.0988000000001,8.34293
18.1404000000001,8.46279
18.1820000000001,8.58095
18.2236000000001,8.69749
18.2652000000001,8.81247
18.3068000000001,8.92594
18.3484000000001,9.03798
18.3900000000001,9.14862
18.4316000000001,9.25793
18.4732000000001,9.36594
18.5148000000001,9.47271
18.5564000000001,9.57828
18.5980000000001,9.68268
18.6396000000001,9.78596
18.6812000000001,9.88814
18.7228000000001,9.98928
18.7644000000001,10.0894
18.8060000000001,10.1885
18.8476000000001,10.2866
18.8892000000001,10.3839
18.9308000000001,10.4802
18.9724000000001,10.5756
19.0140000000001,10.6701
19.0556000000001,10.7639
19.0972000000001,10.8568
19.1388000000001,10.9489
19.1804000000001,11.0402
19.2220000000001,11.1308
19.2636000000001,11.2206
19.3052000000001,11.3097
19.3468000000001,11.3982
19.3884000000001,11.4859
19.43,11.573
19.4716,11.6594
19.5132,11.7451
19.5548,11.8303
19.5964,11.9148
19.638,11.9987
19.6796,12.0821
19.7212,12.1648
19.7628,12.2471
19.8044,12.3287
19.846,12.4098
19.8876,12.4904
19.9292,12.5705
19.9708,12.65
20.0124,12.7291
20.054,12.8076
20.0956,12.8857
20.1372,12.9633
20.1788,13.0404
20.2204,13.1171
20.262,13.1934
20.3036,13.2692
20.3452,13.3445
20.3868,13.4195
20.4284,13.494
20.47,13.5681
20.5116,13.6418
20.5532,13.7151
20.5948,13.788
20.6364,13.8605
20.678,13.9327
20.7196,14.0045
20.7612,14.0759
20.8028,14.1469
20.8444,14.2176
20.886,14.2879
20.9276,14.3579
20.9692,14.4276
21.0108,14.4969
21.0524,14.5659
21.094,14.6345
21.1356,14.7028
21.1772,14.7709
21.2188,14.8386
21.2604,14.9059
21.302,14.973
21.3436,15.0398
21.3852,15.1063
21.4268,15.1725
21.4684,15.2384
21.51,15.304
21.5516,15.3694
21.5932,15.4344
21.6348,15.4992
21.6764,15.5638
21.718,15.628
21.7596,15.692
21.8012,15.7557
21.8428,15.8192
21.8844,15.8824
21.926,15.9454
22.0508,7.97268
22.6332,8.09811
22.6748,8.2216
22.7164,8.34323
22.758,8.46309
22.7996,8.58125
22.8412,8.69778
22.8828,8.81275
22.9244,8.92622
22.966,9.03825
23.0076,9.14889
23.0492,9.2582
23.0908,9.36621
23.1324,9.47298
23.174,9.57854
23.2156,9.68294
23.2572,9.78621
23.2988,9.8884
23.3404,9.98953
23.382,10.0896
23.4236,10.1887
23.4651999999999,10.2869
23.5067999999999,10.3841
23.5483999999999,10.4804
23.5899999999999,10.5758
23.6315999999999,10.6704
23.6731999999999,10.7641
23.7147999999999,10.857
23.7563999999999,10.9491
23.7979999999999,11.0404
23.8395999999999,11.131
23.8811999999999,11.2208
23.9227999999999,11.31
23.9643999999999,11.3984
24.0059999999999,11.4861
24.0475999999999,11.5732
24.0891999999999,11.6596
24.1307999999999,11.7454
24.1723999999999,11.8305
24.2139999999999,11.915
24.2555999999999,11.9989
24.2971999999999,12.0823
24.3387999999999,12.1651
24.3803999999999,12.2473
24.4219999999999,12.3289
24.4635999999999,12.41
24.5051999999999,12.4906
24.5467999999999,12.5707
24.5883999999999,12.6502
24.6299999999999,12.7293
24.6715999999999,12.8078
24.7131999999999,12.8859
24.7547999999999,12.9635
24.7963999999999,13.0406
24.8379999999999,13.1173
24.8795999999999,13.1936
24.9211999999999,13.2694
24.9627999999999,13.3447
25.0043999999999,13.4196
25.0459999999999,13.4942
25.0875999999999,13.5683
25.1291999999999,13.642
25.1707999999999,13.7153
25.2123999999999,13.7882
25.2539999999999,13.8607
25.2955999999999,13.9329
25.3371999999999,14.0046
25.3787999999999,14.076
25.4203999999999,14.1471
25.4619999999999,14.2178
25.5035999999999,14.2881
25.5451999999999,14.3581
25.5867999999999,14.4277
25.6283999999999,14.497
25.6699999999999,14.566
25.7115999999999,14.6347
25.7531999999999,14.703
25.7947999999999,14.771
25.8363999999999,14.8387
25.8779999999999,14.9061
25.9195999999999,14.9732
25.9611999999999,15.04
26.0027999999999,15.1065
26.0443999999999,15.1727
26.0859999999999,15.2386
26.1275999999999,15.3042
26.1691999999999,15.3695
26.2107999999999,15.4346
26.2523999999999,15.4994
26.2939999999999,15.5639
26.3355999999999,15.6282
26.3771999999999,15.6922
26.4187999999999,15.7559
26.4603999999999,15.8194
26.5019999999999,15.8826
26.5435999999999,15.9455
26.6683999999999,7.97276
27.2507999999999,8.09819
27.2923999999999,8.22167
27.3339999999999,8.3433
27.3755999999999,8.46316
27.4171999999999,8.58132
27.4587999999999,8.69785
27.5003999999998,8.81282
27.5419999999998,8.92629
27.5835999999998,9.03832
27.6251999999998,9.14896
27.6667999999998,9.25827
27.7083999999998,9.36628
27.7499999999998,9.47304
27.7915999999998,9.57861
27.8331999999998,9.683
27.8747999999998,9.78628
27.9163999999998,9.88846
27.9579999999998,9.98959
27.9995999999998,10.0897
28.0411999999998,10.1888
28.0827999999998,10.287
28.1243999999998,10.3842
28.1659999999998,10.4805
28.2075999999998,10.5759
28.2491999999998,10.6704
28.2907999999998,10.7642
28.3323999999998,10.8571
28.3739999999998,10.9492
28.4155999999998,11.0405
28.4571999999998,11.1311
28.4987999999998,11.2209
28.5403999999998,11.31
28.5819999999998,11.3984
28.6235999999998,11.4862
28.6651999999998,11.5732
28.7067999999998,11.6596
28.7483999999998,11.7454
28.7899999999998,11.8305
28.8315999999998,11.9151
28.8731999999998,11.999
28.9147999999998,12.0823
28.9563999999998,12.1651
28.9979999999998,12.2473
29.0395999999998,12.329
29.0811999999998,12.4101
29.1227999999998,12.4906
29.1643999999998,12.5707
29.2059999999998,12.6503
29.2475999999998,12.7293
29.2891999999998,12.8079
29.3307999999998,12.8859
29.3723999999998,12.9635
29.4139999999998,13.0407
29.4555999999998,13.1174
29.4971999999998,13.1936
29.5387999999998,13.2694
29.5803999999998,13.3448
29.6219999999998,13.4197
29.6635999999998,13.4942
29.7051999999998,13.5683
29.7467999999998,13.642
29.7883999999998,13.7153
29.8299999999998,13.7882
29.8715999999998,13.8608
29.9131999999998,13.9329
29.9547999999998,14.0047
29.9963999999998,14.0761
30.0379999999998,14.1471
30.0795999999998,14.2178
30.1211999999998,14.2881
30.1627999999998,14.3581
30.2043999999998,14.4278
30.2459999999998,14.4971
30.2875999999998,14.5661
30.3291999999998,14.6347
30.3707999999998,14.7031
30.4123999999998,14.7711
30.4539999999998,14.8388
30.4955999999998,14.9062
30.5371999999998,14.9732
30.5787999999998,15.04
30.6203999999998,15.1065
30.6619999999998,15.1727
30.7035999999998,15.2386
30.7451999999998,15.3042
30.7867999999998,15.3696
30.8283999999998,15.4347
30.8699999999998,15.4994
30.9115999999998,15.564
30.9531999999998,15.6282
30.9947999999998,15.6922
31.0363999999998,15.7559
31.0779999999998,15.8194
31.1195999999998,15.8826
31.1611999999998,15.9456
31.2859999999998,7.97278
31.8683999999997,8.09821
31.9099999999997,8.22169
31.9515999999997,8.34332
31.9931999999997,8.46318
32.0347999999997,8.58134
32.0763999999997,8.69787
32.1179999999997,8.81284
32.1595999999997,8.92631
32.2011999999997,9.03834
32.2427999999997,9.14898
32.2843999999997,9.25828
32.3259999999997,9.36629
32.3675999999997,9.47306
32.4091999999997,9.57862
32.4507999999997,9.68302
32.4923999999997,9.78629
32.5339999999997,9.88848
32.5755999999997,9.98961
32.6171999999997,10.0897
32.6587999999998,10.1888
32.7003999999998,10.287
32.7419999999998,10.3842
32.7835999999998,10.4805
32.8251999999998,10.5759
32.8667999999998,10.6704
32.9083999999998,10.7642
32.9499999999998,10.8571
32.9915999999998,10.9492
33.0331999999998,11.0405
33.0747999999998,11.1311
33.1163999999998,11.2209
33.1579999999998,11.31
33.1995999999998,11.3985
33.2411999999998,11.4862
33.2827999999998,11.5732
33.3243999999998,11.6597
33.3659999999998,11.7454
33.4075999999998,11.8306
33.4491999999998,11.9151
33.4907999999998,11.999
33.5323999999998,12.0824
33.5739999999998,12.1651
33.6155999999998,12.2473
33.6571999999998,12.329
33.6987999999998,12.4101
33.7403999999998,12.4907
33.7819999999998,12.5707
33.8235999999998,12.6503
33.8651999999998,12.7293
33.9067999999998,12.8079
33.9483999999998,12.886
33.9899999999998,12.9636
34.0315999999998,13.0407
34.0731999999998,13.1174
34.1147999999998,13.1936
34.1563999999998,13.2694
34.1979999999998,13.3448
34.2395999999998,13.4197
34.2811999999998,13.4942
34.3227999999999,13.5683
34.3643999999999,13.642
34.4059999999999,13.7153
34.4475999999999,13.7882
34.4891999999999,13.8608
34.5307999999999,13.9329
34.5723999999999,14.0047
34.6139999999999,14.0761
34.6555999999999,14.1471
34.6971999999999,14.2178
34.7387999999999,14.2882
34.7803999999999,14.3581
34.8219999999999,14.4278
34.8635999999999,14.4971
34.9051999999999,14.5661
34.9467999999999,14.6347
34.9883999999999,14.7031
35.0299999999999,14.7711
35.0715999999999,14.8388
35.1131999999999,14.9062
35.1547999999999,14.9733
35.1963999999999,15.04
35.2379999999999,15.1065
35.2795999999999,15.1727
35.3211999999999,15.2386
35.3627999999999,15.3043
35.4043999999999,15.3696
35.4459999999999,15.4347
35.4875999999999,15.4995
35.5291999999999,15.564
35.5707999999999,15.6282
35.6123999999999,15.6922
35.6539999999999,15.7559
35.6955999999999,15.8194
35.7371999999999,15.8826
35.7787999999999,15.9456
35.9035999999999,7.97279
36.486,8.09821
36.5276,8.2217
36.5692,8.34333
36.6108,8.46318
36.6524,8.58134
36.694,8.69787
36.7356,8.81285
36.7772,8.92632
36.8188,9.03834
36.8604,9.14898
36.902,9.25829
36.9436,9.3663
36.9852,9.47306
37.0268,9.57863
37.0684,9.68302
37.11,9.7863
37.1516,9.88848
37.1932,9.98961
37.2348,10.0897
37.2764,10.1888
37.318,10.287
37.3596,10.3842
37.4012,10.4805
37.4428,10.5759
37.4844,10.6705
37.526,10.7642
37.5676,10.8571
37.6092000000001,10.9492
37.6508000000001,11.0405
37.6924000000001,11.1311
37.7340000000001,11.2209
37.7756000000001,11.31
37.8172000000001,11.3985
37.8588000000001,11.4862
37.9004000000001,11.5732
37.9420000000001,11.6597
37.9836000000001,11.7454
38.0252000000001,11.8306
38.0668000000001,11.9151
38.1084000000001,11.999
38.1500000000001,12.0824
38.1916000000001,12.1651
38.2332000000001,12.2473
38.2748000000001,12.329
38.3164000000001,12.4101
38.3580000000001,12.4907
38.3996000000001,12.5707
38.4412000000001,12.6503
38.4828000000001,12.7293
38.5244000000001,12.8079
38.5660000000001,12.886
38.6076000000001,12.9636
38.6492000000001,13.0407
38.6908000000001,13.1174
38.7324000000001,13.1936
38.7740000000001,13.2694
38.8156000000001,13.3448
38.8572000000001,13.4197
38.8988000000001,13.4942
38.9404000000001,13.5683
38.9820000000001,13.642
39.0236000000001,13.7153
39.0652000000001,13.7882
39.1068000000001,13.8608
39.1484000000001,13.9329
39.1900000000001,14.0047
39.2316000000001,14.0761
39.2732000000002,14.1471
39.3148000000002,14.2178
39.3564000000002,14.2882
39.3980000000002,14.3581
39.4396000000002,14.4278
39.4812000000002,14.4971
39.5228000000002,14.5661
39.5644000000002,14.6347
39.6060000000002,14.7031
39.6476000000002,14.7711
39.6892000000002,14.8388
39.7308000000002,14.9062
39.7724000000002,14.9733
39.8140000000002,15.04
39.8556000000002,15.1065
39.8972000000002,15.1727
39.9388000000002,15.2386
39.9804000000002,15.3043
