0.3032,2
0.5464,3
0.588,4
0.7896,5
0.8312,6
0.8728,7
0.9144,8
1.0328,9
1.0744,10
1.116,11
1.1576,12
1.1992,13
1.2408,14
1.2824,15
1.324,16
1.3656,17
1.4072,18
1.4488,19
1.4904,20
1.532,21
1.5736,22
1.6152,23
1.6568,24
1.6984,25
1.74,26
1.7816,27
1.8232,28
1.8648,29
1.9896,1
2.572,2
2.8444,2.5
3.046,2.9
3.1292,3.24483
3.3308,3.55301
3.414,3.83446
3.574,4.09525
3.6572,4.33944
3.8172,4.56988
3.9004,4.78871
4.0188,4.99753
4.102,5.19763
4.1852,5.39003
4.3036,5.57555
4.3868,5.75491
4.5116,5.92867
4.5532,6.09735
4.5948,6.26135
4.6364,6.42106
4.678,6.5768
4.7196,6.72885
4.7612,6.87746
4.8028,7.02286
4.8444,7.16526
4.886,7.30482
4.9276,7.44171
4.9692,7.57609
5.0108,7.70809
5.0524,7.83782
5.094,7.96541
5.1356,8.09095
5.1772,8.21454
5.2188,8.33628
5.2604,8.45624
5.302,8.57449
5.3436,8.69112
5.3852,8.80618
5.4268,8.91974
5.4684,9.03185
5.51,9.14257
5.5516,9.25194
5.5932,9.36003
5.6348,9.46687
5.6764,9.5725
5.718,9.67696
5.7596,9.7803
5.8012,9.88255
5.8428,9.98374
5.8844,10.0839
5.926,10.1831
5.9676,10.2813
6.0092,10.3785
6.0508,10.4749
6.0924,10.5704
6.134,10.665
6.1756,10.7587
6.2172,10.8517
6.2588,10.9438
6.3004,11.0352
6.342,11.1258
6.3836,11.2157
6.42519999999999,11.3049
6.46679999999999,11.3933
6.50839999999999,11.4811
6.54999999999999,11.5682
6.59159999999999,11.6546
6.63319999999999,11.7404
6.67479999999999,11.8256
6.71639999999999,11.9102
6.75799999999999,11.9941
6.79959999999999,12.0775
6.84119999999999,12.1603
6.88279999999999,12.2425
6.92439999999999,12.3242
6.96599999999999,12.4054
7.00759999999999,12.486
7.04919999999999,12.5661
7.09079999999999,12.6456
7.13239999999999,12.7247
7.17399999999999,12.8033
7.21559999999999,12.8814
7.25719999999999,12.959
7.29879999999999,13.0362
7.34039999999999,13.1129
7.38199999999999,13.1892
7.42359999999999,13.265
7.46519999999999,13.3404
7.50679999999999,13.4153
7.54839999999999,13.4899
7.58999999999999,13.564
7.63159999999999,13.6377
7.67319999999999,13.7111
7.71479999999999,13.784
7.75639999999999,13.8566
7.79799999999999,13.9287
7.83959999999999,14.0005
7.88119999999999,14.0719
7.92279999999999,14.143
7.96439999999999,14.2137
8.00599999999999,14.2841
8.04759999999999,14.3541
8.08919999999999,14.4237
8.13079999999999,14.4931
8.17239999999999,14.5621
8.21399999999999,14.6307
8.25559999999999,14.6991
8.29719999999999,14.7671
8.33879999999999,14.8348
8.38039999999999,14.9022
8.42199999999999,14.9694
8.46359999999999,15.0362
8.50519999999999,15.1027
8.54679999999999,15.1689
8.58839999999999,15.2348
8.63,15.3004
8.6716,15.3658
8.7132,15.4309
8.7548,15.4957
8.7964,15.5602
8.838,15.6245
8.8796,15.6885
8.9212,15.7522
8.9628,15.8157
9.0044,15.8789
9.046,15.9419
9.17080000000001,1
9.75320000000002,2
9.99640000000002,3
10.038,4
10.2396,5
10.2812,6
10.3228,7
10.3644,7.14286
10.4828,7.28286
10.5244,7.42017
10.566,7.55493
10.6076,7.6873
10.6492,7.81738
10.6908,7.9453
10.7324,8.07116
10.774,8.19506
10.8156,8.31709
10.8572,8.43732
10.8988,8.55584
10.9404,8.67272
10.982,8.78802
11.0236,8.90182
11.0652,9.01415
11.1068,9.12509
11.1484,9.23468
11.19,9.34296
11.2316,9.45
11.2732,9.55582
11.3148,9.66047
11.3564,9.76398
11.398,9.8664
11.4396,9.96775
11.4812,10.0681
11.5228,10.1674
11.5644,10.2658
11.606,10.3632
11.6476,10.4597
11.6892,10.5553
11.7308,10.65
11.7724,10.7439
11.814,10.837
11.8556,10.9293
11.8972,11.0208
11.9388,11.1115
11.9804,11.2015
12.022,11.2908
12.0636,11.3793
12.1052,11.4672
12.1468,11.5544
12.1884,11.641
12.23,11.7269
12.2716,11.8121
12.3132,11.8968
12.3548,11.9809
12.3964,12.0643
12.4380000000001,12.1472
12.4796000000001,12.2295
12.5212000000001,12.3113
12.5628000000001,12.3925
12.6044000000001,12.4732
12.6460000000001,12.5534
12.6876000000001,12.6331
12.7292000000001,12.7122
12.7708000000001,12.7909
12.8124000000001,12.8691
12.8540000000001,12.9468
12.8956000000001,13.024
12.9372000000001,13.1008
12.9788000000001,13.1771
13.0204000000001,13.253
13.0620000000001,13.3285
13.1036000000001,13.4035
13.1452000000001,13.4781
13.1868000000001,13.5523
13.2284000000001,13.6261
13.2700000000001,13.6995
13.3116000000001,13.7725
13.3532000000001,13.8451
13.3948000000001,13.9173
13.4364000000001,13.9891
13.4780000000001,14.0606
13.5196000000001,14.1318
13.5612000000001,14.2025
13.6028000000001,14.2729
13.6444000000001,14.343
13.6860000000001,14.4127
13.7276000000001,14.4821
13.7692000000001,14.5511
13.8108000000001,14.6199
13.8524000000001,14.6883
13.8940000000001,14.7563
13.9356000000001,14.8241
13.9772000000001,14.8916
14.0188000000001,14.9587
14.0604000000001,15.0256
14.1020000000001,15.0921
14.1436000000001,15.1584
14.1852000000001,15.2244
14.2268000000001,15.29
14.2684000000001,15.3554
14.3100000000001,15.4206
14.3516000000001,15.4854
14.3932000000001,15.55
14.4348000000001,15.6143
14.4764000000001,15.6783
14.5180000000001,15.7421
14.5596000000001,15.8057
14.6012000000001,15.8689
14.6428000000001,15.9319
14.7676000000001,1
15.3500000000001,2
15.5932000000001,3
15.6348000000001,4
15.8364000000001,5
15.8780000000001,6
15.9196000000001,7
15.9612000000001,7.14286
16.0796000000001,7.28286
16.1212000000001,7.42017
16.1628000000001,7.55493
16.2044000000001,7.6873
16.2460000000001,7.81738
16.2876000000001,7.9453
16.3292000000001,8.07116
16.3708000000001,8.19506
16.4124000000001,8.31709
16.4540000000001,8.43732
16.4956000000001,8.55584
16.5372000000001,8.67272
16.5788000000001,8.78802
16.6204000000001,8.90182
16.6620000000001,9.01415
16.7036000000001,9.12509
16.7452000000001,9.23468
16.7868000000001,9.34296
16.8284000000001,9.45
16.8700000000001,9.55582
16.9116000000001,9.66047
16.9532000000001,9.76398
16.9948000000001,9.8664
17.0364000000001,9.96775
17.0780000000001,10.0681
17.1196000000001,10.1674
17.1612000000001,10.2658
17.2028000000001,10.3632
17.2444000000001,10.4597
17.2860000000001,10.5553
17.3276000000001,10.65
17.3692000000001,10.7439
17.4108000000001,10.837
17.4524000000001,10.9293
17.4940000000001,11.0208
17.5356000000001,11.1115
17.5772000000001,11.2015
17.6188000000001,11.2908
17.6604000000001,11.3793
17.7020000000001,11.4672
17.7436000000001,11.5544
17.7852000000001,11.641
17.8268000000001,11.7269
17.8684000000001,11.8121
17.9100000000001,11.8968
17.9516000000001,11.9809
17.9932000000001,12.0643
18.0348000000001,12.1472
18.0764000000001,12.2295
18.1180000000001,12.3113
18.1596000000001,12.3925
18.2012000000001,12.4732
18.2428000000001,12.5534
18.2844000000001,12.6331
18.3260000000001,12.7122
18.3676000000001,12.7909
18.4092000000001,12.8691
18.4508000000001,12.9468
18.4924,13.024
18.534,13.1008
18.5756,13.1771
18.6172,13.253
18.6588,13.3285
18.7004,13.4035
18.742,13.4781
18.7836,13.5523
18.8252,13.6261
18.8668,13.6995
18.9084,13.7725
18.95,13.8451
18.9916,13.9173
19.0332,13.9891
19.0748,14.0606
19.1164,14.1318
19.158,14.2025
19.1996,14.2729
19.2412,14.343
19.2828,14.4127
19.3244,14.4821
19.366,14.5511
19.4076,14.6199
19.4492,14.6883
19.4908,14.7563
19.5324,14.8241
19.574,14.8916
19.6156,14.9587
19.6572,15.0256
19.6988,15.0921
19.7404,15.1584
19.782,15.2244
19.8236,15.29
19.8652,15.3554
19.9068,15.4206
19.9484,15.4854
19.99,15.55
20.0316,15.6143
20.0732,15.6783
20.1148,15.7421
20.1564,15.8057
20.198,15.8689
20.2396,15.9319
20.3644,1
20.9468,2
21.19,3
21.2316,4
21.4332,5
21.4748,6
21.5164,7
21.558,7.14286
21.6764,7.28286
21.718,7.42017
21.7596,7.55493
21.8012,7.6873
21.8428,7.81738
21.8844,7.9453
21.926,8.07116
21.9676,8.19506
22.0092,8.31709
22.0508,8.43732
22.0924,8.55584
22.134,8.67272
22.1756,8.78802
22.2172,8.90182
22.2588,9.01415
22.3004,9.12509
22.342,9.23468
22.3836,9.34296
22.4252,9.45
22.4668,9.55582
22.5084,9.66047
22.55,9.76398
22.5916,9.8664
22.6332,9.96775
22.6748,10.0681
22.7164,10.1674
22.758,10.2658
22.7996,10.3632
22.8412,10.4597
22.8828,10.5553
22.9244,10.65
22.966,10.7439
23.0076,10.837
23.0492,10.9293
23.0908,11.0208
23.1324,11.1115
23.174,11.2015
23.2156,11.2908
23.2572,11.3793
23.2988,11.4672
23.3404,11.5544
23.382,11.641
23.4236,11.7269
23.4651999999999,11.8121
23.5067999999999,11.8968
23.5483999999999,11.9809
23.5899999999999,12.0643
23.6315999999999,12.1472
23.6731999999999,12.2295
23.7147999999999,12.3113
23.7563999999999,12.3925
23.7979999999999,12.4732
23.8395999999999,12.5534
23.8811999999999,12.6331
23.9227999999999,12.7122
23.9643999999999,12.7909
24.0059999999999,12.8691
24.0475999999999,12.9468
24.0891999999999,13.024
24.1307999999999,13.1008
24.1723999999999,13.1771
24.2139999999999,13.253
24.2555999999999,13.3285
24.2971999999999,13.4035
24.3387999999999,13.4781
24.3803999999999,13.5523
24.4219999999999,13.6261
24.4635999999999,13.6995
24.5051999999999,13.7725
24.5467999999999,13.8451
24.5883999999999,13.9173
24.6299999999999,13.9891
24.6715999999999,14.0606
24.7131999999999,14.1318
24.7547999999999,14.2025
24.7963999999999,14.2729
24.8379999999999,14.343
24.8795999999999,14.4127
24.9211999999999,14.4821
24.9627999999999,14.5511
25.0043999999999,14.6199
25.0459999999999,14.6883
25.0875999999999,14.7563
25.1291999999999,14.8241
25.1707999999999,14.8916
25.2123999999999,14.9587
25.2539999999999,15.0256
25.2955999999999,15.0921
25.3371999999999,15.1584
25.3787999999999,15.2244
25.4203999999999,15.29
25.4619999999999,15.3554
25.5035999999999,15.4206
25.5451999999999,15.4854
25.5867999999999,15.55
25.6283999999999,15.6143
25.6699999999999,15.6783
25.7115999999999,15.7421
25.7531999999999,15.8057
25.7947999999999,15.8689
25.8363999999999,15.9319
25.9611999999999,1
26.5435999999999,2
26.7867999999999,3
26.8283999999999,4
27.0299999999999,5
27.0715999999999,6
27.1131999999999,7
27.1547999999999,7.14286
27.2731999999999,7.28286
27.3147999999999,7.42017
27.3563999999999,7.55493
27.3979999999999,7.6873
27.4395999999999,7.81738
27.4811999999999,7.9453
27.5227999999999,8.07116
27.5643999999999,8.19506
27.6059999999999,8.31709
27.6475999999999,8.43732
27.6891999999999,8.55584
27.7307999999999,8.67272
27.7723999999999,8.78802
27.8139999999999,8.90182
27.8555999999999,9.01415
27.8971999999999,9.12509
27.9387999999999,9.23468
27.9803999999999,9.34296
28.0219999999999,9.45
28.0635999999999,9.55582
28.1051999999999,9.66047
28.1467999999999,9.76398
28.1883999999999,9.8664
28.2299999999999,9.96775
28.2715999999999,10.0681
28.3131999999999,10.1674
28.3547999999999,10.2658
28.3963999999999,10.3632
28.4379999999998,10.4597
28.4795999999998,10.5553
28.5211999999998,10.65
28.5627999999998,10.7439
28.6043999999998,10.837
28.6459999999998,10.9293
28.6875999999998,11.0208
28.7291999999998,11.1115
28.7707999999998,11.2015
28.8123999999998,11.2908
28.8539999999998,11.3793
28.8955999999998,11.4672
28.9371999999998,11.5544
28.9787999999998,11.641
29.0203999999998,11.7269
29.0619999999998,11.8121
29.1035999999998,11.8968
29.1451999999998,11.9809
29.1867999999998,12.0643
29.2283999999998,12.1472
29.2699999999998,12.2295
29.3115999999998,12.3113
29.3531999999998,12.3925
29.3947999999998,12.4732
29.4363999999998,12.5534
29.4779999999998,12.6331
29.5195999999998,12.7122
29.5611999999998,12.7909
29.6027999999998,12.8691
29.6443999999998,12.9468
29.6859999999998,13.024
29.7275999999998,13.1008
29.7691999999998,13.1771
29.8107999999998,13.253
29.8523999999998,13.3285
29.8939999999998,13.4035
29.9355999999998,13.4781
29.9771999999998,13.5523
30.0187999999998,13.6261
30.0603999999998,13.6995
30.1019999999998,13.7725
30.1435999999998,13.8451
30.1851999999998,13.9173
30.2267999999998,13.9891
30.2683999999998,14.0606
30.3099999999998,14.1318
30.3515999999998,14.2025
30.3931999999998,14.2729
30.4347999999998,14.343
30.4763999999998,14.4127
30.5179999999998,14.4821
30.5595999999998,14.5511
30.6011999999998,14.6199
30.6427999999998,14.6883
30.6843999999998,14.7563
30.7259999999998,14.8241
30.7675999999998,14.8916
30.8091999999998,14.9587
30.8507999999998,15.0256
30.8923999999998,15.0921
30.9339999999998,15.1584
30.9755999999998,15.2244
31.0171999999998,15.29
31.0587999999998,15.3554
31.1003999999998,15.4206
31.1419999999998,15.4854
31.1835999999998,15.55
31.2251999999998,15.6143
31.2667999999998,15.6783
31.3083999999998,15.7421
31.3499999999998,15.8057
31.3915999999998,15.8689
31.4331999999998,15.9319
31.5579999999998,1
32.1403999999998,2
32.3835999999997,3
32.4251999999997,4
32.6267999999997,5
32.6683999999997,6
32.7099999999997,7
32.7515999999997,7.14286
32.8699999999997,7.28286
32.9115999999997,7.42017
32.9531999999997,7.55493
32.9947999999997,7.6873
33.0363999999997,7.81738
33.0779999999997,7.9453
33.1195999999997,8.07116
33.1611999999998,8.19506
33.2027999999998,8.31709
33.2443999999998,8.43732
33.2859999999998,8.55584
33.3275999999998,8.67272
33.3691999999998,8.78802
33.4107999999998,8.90182
33.4523999999998,9.01415
33.4939999999998,9.12509
33.5355999999998,9.23468
33.5771999999998,9.34296
33.6187999999998,9.45
33.6603999999998,9.55582
33.7019999999998,9.66047
33.7435999999998,9.76398
33.7851999999998,9.8664
33.8267999999998,9.96775
33.8683999999998,10.0681
33.9099999999998,10.1674
33.9515999999998,10.2658
33.9931999999998,10.3632
34.0347999999998,10.4597
34.0763999999998,10.5553
34.1179999999998,10.65
34.1595999999998,10.7439
34.2011999999998,10.837
34.2427999999998,10.9293
34.2843999999998,11.0208
34.3259999999998,11.1115
34.3675999999998,11.2015
34.4091999999998,11.2908
34.4507999999998,11.3793
34.4923999999998,11.4672
34.5339999999998,11.5544
34.5755999999998,11.641
34.6171999999998,11.7269
34.6587999999998,11.8121
34.7003999999998,11.8968
34.7419999999998,11.9809
34.7835999999999,12.0643
34.8251999999999,12.1472
34.8667999999999,12.2295
34.9083999999999,12.3113
34.9499999999999,12.3925
34.9915999999999,12.4732
35.0331999999999,12.5534
35.0747999999999,12.6331
35.1163999999999,12.7122
35.1579999999999,12.7909
35.1995999999999,12.8691
35.2411999999999,12.9468
35.2827999999999,13.024
35.3243999999999,13.1008
35.3659999999999,13.1771
35.4075999999999,13.253
35.4491999999999,13.3285
35.4907999999999,13.4035
35.5323999999999,13.4781
35.5739999999999,13.5523
35.6155999999999,13.6261
35.6571999999999,13.6995
35.6987999999999,13.7725
35.7403999999999,13.8451
35.7819999999999,13.9173
35.8235999999999,13.9891
35.8651999999999,14.0606
35.9067999999999,14.1318
35.9483999999999,14.2025
35.9899999999999,14.2729
36.0315999999999,14.343
36.0731999999999,14.4127
36.1147999999999,14.4821
36.1563999999999,14.5511
36.1979999999999,14.6199
36.2395999999999,14.6883
36.2811999999999,14.7563
36.3227999999999,14.8241
36.3643999999999,14.8916
36.4059999999999,14.9587
36.4476,15.0256
36.4892,15.0921
36.5308,15.1584
36.5724,15.2244
36.614,15.29
36.6556,15.3554
36.6972,15.4206
36.7388,15.4854
36.7804,15.55
36.822,15.6143
36.8636,15.6783
36.9052,15.7421
36.9468,15.8057
36.9884,15.8689
37.03,15.9319
37.1548,1
37.7372,2
37.9804,3
38.022,4
38.2236,5
38.2652,6
38.3068,7
38.3484,7.14286
38.4668,7.28286
38.5084,7.42017
38.55,7.55493
38.5916,7.6873
38.6332,7.81738
38.6748,7.9453
38.7164,8.07116
38.758,8.19506
38.7996,8.31709
38.8412,8.43732
38.8828,8.55584
38.9244,8.67272
38.966,8.78802
39.0076,8.90182
39.0492,9.01415
39.0908000000001,9.12509
39.1324000000001,9.23468
39.1740000000001,9.34296
39.2156000000001,9.45
39.2572000000001,9.55582
39.2988000000001,9.66047
39.3404000000001,9.76398
39.3820000000001,9.8664
39.4236000000001,9.96775
39.4652000000001,10.0681
39.5068000000001,10.1674
39.5484000000001,10.2658
39.5900000000001,10.3632
39.6316000000001,10.4597
39.6732000000001,10.5553
39.7148000000001,10.65
39.7564000000001,10.7439
39.7980000000001,10.837
39.8396000000001,10.9293
39.8812000000001,11.0208
39.9228000000001,11.1115
39.9644000000001,11.2015
