0.1,0
0.3032,1
0.3032,2
0.5464,3
0.5464,4
0.588,5
0.588,6
0.7896,7
0.7896,8
0.8312,9
0.8312,10
0.8728,11
0.8728,12
0.9144,13
0.9144,14
1.0328,15
1.0328,16
1.0744,17
1.0744,18
1.116,19
1.116,20
1.1576,21
1.1576,22
1.1992,23
1.1992,24
1.2408,25
1.2408,26
1.2824,27
1.2824,28
1.324,29
1.324,30
1.3656,31
1.3656,32
1.4072,33
1.4072,34
1.4488,35
1.4488,36
1.4904,37
1.4904,38
1.532,39
1.532,40
1.5736,41
1.5736,42
1.6152,43
1.6152,44
1.6568,45
1.6568,46
1.6984,47
1.6984,48
1.74,49
1.74,50
1.7816,51
1.7816,52
1.8232,53
1.8232,54
1.8648,55
1.8648,56
1.9064,57
1.948,58
1.9896,28
2.5596,28
2.572,30
2.572,31
2.8028,32
2.8444,33
2.8444,34
2.886,35
3.046,36
3.046,37
3.0876,38
3.1292,39
3.1292,40
3.1708,41
3.2892,42
3.2892,43
3.3308,44
3.3724,45
3.3724,46
3.414,47
3.4556,48
3.4972,49
3.5388,50
3.5804,51
3.622,52
3.6636,53
3.7052,54
3.7468,55
3.7884,56
3.83,57
3.8716,58
3.9132,59
3.9548,60
3.9964,61
4.038,62
4.038,63
4.0796,64
4.1212,65
4.1212,66
4.1628,67
4.2044,68
4.3292,69
4.3708,70
4.4124,71
4.454,72
4.4956,73
4.4956,74
4.5372,75
4.5788,76
4.6204,77
4.662,78
4.7036,79
4.7452,80
4.7868,81
4.8284,82
4.87,83
4.9116,84
4.9116,85
4.9532,86
4.9948,87
5.0364,88
5.078,89
5.1196,90
5.1612,91
5.2028,92
5.2444,93
5.286,94
5.3276,95
5.3276,96
5.3692,97
5.4108,98
5.4524,99
5.494,100
5.5356,101
5.5772,102
5.6188,103
5.6604,104
5.702,105
5.7436,106
5.7852,107
5.8268,108
5.8268,109
5.8684,110
5.91,111
5.9516,112
5.9932,113
6.0348,114
6.0764,115
6.118,116
6.1596,117
6.2012,118
6.2428,119
6.2844,120
6.326,121
6.326,122
6.3676,123
6.4092,124
6.4508,125
6.4924,126
6.534,127
6.5756,128
6.6172,129
6.6588,130
6.7004,131
6.742,132
6.7836,133
6.8252,134
6.8668,135
6.9084,136
6.9084,137
6.95,138
6.9916,139
7.0332,140
7.0748,141
7.1164,142
7.158,143
7.1996,144
7.2412,145
7.2828,146
7.3244,147
7.366,148
7.4076,149
7.4492,150
7.4908,151
7.4908,152
7.5324,153
7.574,154
7.6156,155
7.6572,156
7.6988,157
7.7404,158
7.782,159
7.8236,160
7.8652,161
7.9068,162
7.9484,163
7.99,164
8.0316,165
8.0732,166
8.1148,167
8.1564,168
8.198,152
8.5308,169
8.5724,170
8.614,171
8.6556,172
8.6972,173
8.7388,174
8.7804,175
8.7804,176
8.822,177
8.8636,178
8.9052,179
8.9468,180
8.9884,181
9.03,182
9.0716,183
9.1132,184
9.1132,185
9.1548,186
9.1964,187
9.238,188
9.2796,189
9.3212,190
9.3628,191
9.4044,192
9.446,193
9.4876,194
9.5292,195
9.5292,196
9.5708,197
9.6124,198
9.654,199
9.6956,200
9.7372,201
9.7788,202
9.8204,203
9.862,204
9.9036,205
9.9452,206
9.9452,207
9.9868,208
10.0284,209
10.07,210
10.1116,211
10.1532,212
10.1948,213
10.2364,214
10.278,215
10.3196,216
10.3612,217
10.4028,218
10.4444,219
10.4444,220
10.486,221
10.5276,222
10.5692,223
10.6108,224
10.6524,225
10.694,226
10.7356,227
10.7772,228
10.8188,229
10.8604,230
10.902,231
10.9436,232
10.9436,233
10.9852,234
11.0268,235
11.0684,236
11.11,237
11.1516,238
11.1932,239
11.2348,240
11.2764,241
11.318,242
11.3596,243
11.4012,244
11.4428,245
11.4844,246
11.4844,247
11.526,248
11.5676,249
11.6092,250
11.6508,251
11.6924,252
11.734,253
11.7756,254
11.8172,255
11.8588,256
11.9004,257
11.942,258
11.9836,259
12.0252,260
12.0668,261
12.1084,262
12.1084,263
12.15,264
12.1916,265
12.2332,266
12.2748,267
12.3164,268
12.358,269
12.3996,270
12.4412,271
12.4828,272
12.5244,273
12.566,274
12.6076,275
12.6492,276
12.6908,277
12.7324,278
12.774,279
12.8156,263
13.1484,280
13.19,281
13.2316,282
13.2732,283
13.3148,284
13.3564,285
13.398,286
13.398,287
13.4396,288
13.4812,289
13.5228,290
13.5644,291
13.606,292
13.6476,293
13.6892,294
13.7308,295
13.7308,296
13.7724,297
13.814,298
13.8556,299
13.8972,300
13.9388,301
13.9804,302
14.022,303
14.0636,304
14.1052,305
14.1468,306
14.1468,307
14.1884,308
14.23,309
14.2716,310
14.3132,311
14.3548,312
14.3964,313
14.438,314
14.4796,315
14.5212,316
14.5628,317
14.5628,318
14.6044,319
14.646,320
14.6876,321
14.7292,322
14.7708,323
14.8124,324
14.854,325
14.8956,326
14.9372,327
14.9788,328
15.0204,329
15.062,330
15.062,331
15.1036,332
15.1452,333
15.1868,334
15.2284,335
15.27,336
15.3116,337
15.3532,338
15.3948,339
15.4364,340
15.478,341
15.5196,342
15.5612,343
15.5612,344
15.6028,345
15.6444,346
15.686,347
15.7276,348
15.7692,349
15.8108,350
15.8524,351
15.894,352
15.9356,353
15.9772,354
16.0188,355
16.0604,356
16.102,357
16.102,358
16.1436,359
16.1852,360
16.2268,361
16.2684,362
16.31,363
16.3516,364
16.3932,365
16.4348,366
16.4764,367
16.518,368
16.5596,369
16.6012,370
16.6428,371
16.6844,372
16.726,373
16.726,374
16.7676,375
16.8092,376
16.8508,377
16.8924,378
16.934,379
16.9756,380
17.0172,381
17.0588,382
17.1004,383
17.142,384
17.1836,385
17.2252,386
17.2668,387
17.3084,388
17.35,389
17.3916,390
17.4332,374
17.766,391
17.8076,392
17.8492,393
17.8908,394
17.9324,395
17.974,396
18.0156,397
18.0156,398
18.0572,399
18.0988,400
18.1404,401
18.182,402
18.2236,403
18.2652,404
18.3068,405
18.3484,406
18.3484,407
18.39,408
18.4316,409
18.4732,410
18.5148,411
18.5564,412
18.598,413
18.6396,414
18.6812,415
18.7228,416
18.7644,417
18.7644,418
18.806,419
18.8476,420
18.8892,421
18.9308,422
18.9724,423
19.014,424
19.0556,425
19.0972,426
19.1388,427
19.1804,428
19.1804,429
19.222,430
19.2636,431
19.3052,432
19.3468,433
19.3884,434
19.43,435
19.4716,436
19.5132,437
19.5548,438
19.5964,439
19.638,440
19.6796,441
19.6796,442
19.7212,443
19.7628,444
19.8044,445
19.846,446
19.8876,447
19.9292,448
19.9708,449
20.0124,450
20.054,451
20.0956,452
20.1372,453
20.1788,454
20.1788,455
20.2204,456
20.262,457
20.3036,458
20.3452,459
20.3868,460
20.4284,461
20.47,462
20.5116,463
20.5532,464
20.5948,465
20.6364,466
20.678,467
20.7196,468
20.7196,469
20.7612,470
20.8028,471
20.8444,472
20.886,473
20.9276,474
20.9692,475
21.0108,476
21.0524,477
21.094,478
21.1356,479
21.1772,480
21.2188,481
21.2604,482
21.302,483
21.3436,484
21.3436,485
21.3852,486
21.4268,487
21.4684,488
21.51,489
21.5516,490
21.5932,491
21.6348,492
21.6764,493
21.718,494
21.7596,495
21.8012,496
21.8428,497
21.8844,498
21.926,499
21.9676,500
22.0092,501
22.0508,485
22.3836,502
22.4252,503
22.4668,504
22.5084,505
22.55,506
22.5916,507
22.6332,508
22.6332,509
22.6748,510
22.7164,511
22.758,512
22.7996,513
22.8412,514
22.8828,515
22.9244,516
22.966,517
22.966,518
23.0076,519
23.0492,520
23.0908,521
23.1324,522
23.174,523
23.2156,524
23.2572,525
23.2988,526
23.3404,527
23.382,528
23.382,529
23.4236,530
23.4652,531
23.5068,532
23.5484,533
23.59,534
23.6316,535
23.6732,536
23.7148,537
23.7564,538
23.798,539
23.798,540
23.8396,541
23.8812,542
23.9228,543
23.9644,544
24.006,545
24.0476,546
24.0892,547
24.1308,548
24.1724,549
24.214,550
24.2556,551
24.2972,552
24.2972,553
24.3388,554
24.3804,555
24.422,556
24.4636,557
24.5052,558
24.5468,559
24.5884,560
24.63,561
24.6716,562
24.7132,563
24.7548,564
24.7964,565
24.7964,566
24.838,567
24.8796,568
24.9212,569
24.9628,570
25.0044,571
25.046,572
25.0876,573
25.1292,574
25.1708,575
25.2124,576
25.254,577
25.2956,578
25.3372,579
25.3372,580
25.3788,581
25.4204,582
25.462,583
25.5036,584
25.5452,585
25.5868,586
25.6284,587
25.67,588
25.7116,589
25.7532,590
25.7948,591
25.8364,592
25.878,593
25.9196,594
25.9612,595
25.9612,596
26.0028,597
26.0444,598
26.086,599
26.1276,600
26.1692,601
26.2108,602
26.2524,603
26.294,604
26.3356,605
26.3772,606
26.4188,607
26.4604,608
26.502,609
26.5436,610
26.5852,611
26.6268,612
26.6684,596
27.0012,613
27.0428,614
27.0844,615
27.126,616
27.1676,617
27.2092,618
27.2508,619
27.2508,620
27.2924,621
27.334,622
27.3756,623
27.4172,624
27.4588,625
27.5004,626
27.542,627
27.5836,628
27.5836,629
27.6252,630
27.6668,631
27.7084,632
27.75,633
27.7916,634
27.8332,635
27.8748,636
27.9164,637
27.958,638
27.9996,639
27.9996,640
28.0412,641
28.0828,642
28.1244,643
28.166,644
28.2076,645
28.2492,646
28.2908,647
28.3324,648
28.374,649
28.4156,650
28.4156,651
28.4572,652
28.4988,653
28.5404,654
28.582,655
28.6236,656
28.6652,657
28.7068,658
28.7484,659
28.79,660
28.8316,661
28.8732,662
28.9148,663
28.9148,664
28.9564,665
28.998,666
29.0396,667
29.0812,668
29.1228,669
29.1644,670
29.206,671
29.2476,672
29.2892,673
29.3308,674
29.3724,675
29.414,676
29.414,677
29.4556,678
29.4972,679
29.5388,680
29.5804,681
29.622,682
29.6636,683
29.7052,684
29.7468,685
29.7884,686
29.83,687
29.8716,688
29.9132,689
29.9548,690
29.9548,691
29.9964,692
30.038,693
30.0796,694
30.1212,695
30.1628,696
30.2044,697
30.246,698
30.2876,699
30.3292,700
30.3708,701
30.4124,702
30.454,703
30.4956,704
30.5372,705
30.5788,706
30.5788,707
30.6204,708
30.662,709
30.7036,710
30.7452,711
30.7868,712
30.8284,713
30.87,714
30.9116,715
30.9532,716
30.9948,717
31.0364,718
31.078,719
31.1196,720
31.1612,721
31.2028,722
31.2444,723
31.286,707
31.6188,724
31.6604,725
31.702,726
31.7436,727
31.7852,728
31.8268,729
31.8684,730
31.8684,731
31.91,732
31.9516,733
31.9932,734
32.0348,735
32.0764,736
32.118,737
32.1596,738
32.2012,739
32.2012,740
32.2428,741
32.2844,742
32.326,743
32.3676,744
32.4092,745
32.4508,746
32.4924,747
32.534,748
32.5756,749
32.6172,750
32.6172,751
32.6588,752
32.7004,753
32.742,754
32.7836,755
32.8252,756
32.8668,757
32.9084,758
32.95,759
32.9916,760
33.0332,761
33.0332,762
33.0748,763
33.1164,764
33.158,765
33.1996,766
33.2412,767
33.2828,768
33.3244,769
33.366,770
33.4076,771
33.4492,772
33.4908,773
33.5324,774
33.5324,775
33.574,776
33.6156,777
33.6572,778
33.6988,779
33.7404,780
33.782,781
33.8236,782
33.8652,783
33.9068,784
33.9484,785
33.99,786
34.0316,787
34.0316,788
34.0732,789
34.1148,790
34.1564,791
34.198,792
34.2396,793
34.2812,794
34.3228,795
34.3644,796
34.406,797
34.4476,798
34.4892,799
34.5308,800
34.5724,801
34.5724,802
34.614,803
34.6556,804
34.6972,805
34.7388,806
34.7804,807
34.822,808
34.8636,809
34.9052,810
34.9468,811
34.9884,812
35.03,813
35.0716,814
35.1132,815
35.1548,816
35.1964,817
35.1964,818
35.238,819
35.2796,820
35.3212,821
35.3628,822
35.4044,823
35.446,824
35.4876,825
35.5292,826
35.5708,827
35.6124,828
35.654,829
35.6956,830
35.7372,831
35.7788,832
35.8204,833
35.862,834
35.9036,818
36.2364,835
36.278,836
36.3196,837
36.3612,838
36.4028,839
36.4444,840
36.486,841
36.486,842
36.5276,843
36.5692,844
36.6108,845
36.6524,846
36.694,847
36.7356,848
36.7772,849
36.8188,850
36.8188,851
36.8604,852
36.902,853
36.9436,854
36.9852,855
37.0268,856
37.0684,857
37.11,858
37.1516,859
37.1932,860
37.2348,861
37.2348,862
37.2764,863
37.318,864
37.3596,865
37.4012,866
37.4428,867
37.4844,868
37.526,869
37.5676,870
37.6092,871
37.6508,872
37.6508,873
37.6924,874
37.734,875
37.7756,876
37.8172,877
37.8588,878
37.9004,879
37.942,880
37.9836,881
38.0252,882
38.0668,883
38.1084,884
38.15,885
38.15,886
38.1916,887
38.2332,888
38.2748,889
38.3164,890
38.358,891
38.3996,892
38.4412,893
38.4828,894
38.5244,895
38.566,896
38.6076,897
38.6492,898
38.6492,899
38.6908,900
38.7324,901
38.774,902
38.8156,903
38.8572,904
38.8988,905
38.9404,906
38.982,907
39.0236,908
39.0652,909
39.1068,910
39.1484,911
39.19,912
39.19,913
39.2316,914
39.2732,915
39.3148,916
39.3564,917
39.398,918
39.4396,919
39.4812,920
39.5228,921
39.5644,922
39.606,923
39.6476,924
39.6892,925
39.7308,926
39.7724,927
39.814,928
39.814,929
39.8556,930
39.8972,931
39.9388,932
39.9804,933
