0.1 0
0.3032 1
0.3032 2
0.5464 3
0.5464 4
0.588 5
0.588 6
0.7896 7
0.7896 8
0.8312 9
0.8312 10
0.8728 11
0.8728 12
0.9144 13
0.9144 14
1.0328 15
1.0328 16
1.0744 17
1.0744 18
1.116 19
1.116 20
1.1576 21
1.1576 22
1.1992 23
1.1992 24
1.2408 25
1.2408 26
1.2824 27
1.2824 28
1.324 29
1.324 30
1.3656 31
1.3656 32
1.4072 33
1.4072 34
1.4488 35
1.4488 36
1.4904 37
1.4904 38
1.532 39
1.532 40
1.5736 41
1.5736 42
1.6152 43
1.6152 44
1.6568 45
1.6568 46
1.6984 47
1.6984 48
1.74 49
1.74 50
1.7816 51
1.7816 52
1.8232 53
1.8232 54
1.8648 55
1.8648 56
1.9064 57
1.948 58
1.9896 28
2.5596 28
2.572 30
2.572 31
2.8028 32
2.8444 33
2.886 34
3.046 35
3.0876 36
3.1292 37
3.1292 38
3.2892 39
3.3308 40
3.3724 41
3.414 42
3.5324 43
3.574 44
3.574 45
3.6156 46
3.6572 47
3.7756 48
3.8172 49
3.8588 50
3.9004 51
3.942 52
4.0188 53
4.0604 54
4.102 55
4.102 56
4.1436 57
4.1852 58
4.262 59
4.3036 60
4.3452 61
4.3868 62
4.3868 63
4.4284 64
4.47 65
4.5532 66
4.5948 67
4.6364 68
4.678 69
4.7196 70
4.7612 71
4.8028 72
4.8028 73
4.8444 74
4.886 75
4.9276 76
4.9692 77
5.0108 78
5.0524 79
5.094 80
5.1356 81
5.1356 82
5.1772 83
5.2188 84
5.2604 85
5.302 86
5.3436 87
5.3852 88
5.4268 89
5.4684 90
5.4684 91
5.51 92
5.5516 93
5.5932 94
5.6348 95
5.6764 96
5.718 97
5.7596 98
5.8012 99
5.8428 100
5.8844 101
5.8844 102
5.926 103
5.9676 104
6.0092 105
6.0508 106
6.0924 107
6.134 108
6.1756 109
6.2172 110
6.2588 111
6.3004 112
6.3004 113
6.342 114
6.3836 115
6.4252 116
6.4668 117
6.5084 118
6.55 119
6.5916 120
6.6332 121
6.6748 122
6.7164 123
6.758 124
6.7996 125
6.7996 126
6.8412 127
6.8828 128
6.9244 129
6.966 130
7.0076 131
7.0492 132
7.0908 133
7.1324 134
7.174 135
7.2156 136
7.2572 137
7.2988 138
7.2988 139
7.3404 140
7.382 141
7.4236 142
7.4652 143
7.5068 144
7.5484 145
7.59 146
7.6316 147
7.6732 148
7.7148 149
7.7564 150
7.798 151
7.8396 152
7.8396 153
7.8812 154
7.9228 155
7.9644 156
8.006 157
8.0476 158
8.0892 159
8.1308 160
8.1724 161
8.214 162
8.2556 163
8.2972 164
8.3388 165
8.3804 166
8.422 167
8.4636 168
8.4636 169
8.5052 170
8.5468 171
8.5884 172
8.63 173
8.6716 174
8.7132 175
8.7548 176
8.7964 177
8.838 178
8.8796 179
8.9212 180
8.9628 181
9.0044 182
9.046 183
9.0876 184
9.1292 185
9.1708 169
9.7532 186
9.7532 187
9.9964 188
9.9964 189
10.038 190
10.038 191
10.2396 192
10.2396 193
10.2812 194
10.2812 195
10.3228 196
10.3228 197
10.3644 198
10.4828 199
10.5244 200
10.566 201
10.6076 202
10.6492 203
10.6908 204
10.7324 205
10.7324 206
10.774 207
10.8156 208
10.8572 209
10.8988 210
10.9404 211
10.982 212
11.0236 213
11.0652 214
11.0652 215
11.1068 216
11.1484 217
11.19 218
11.2316 219
11.2732 220
11.3148 221
11.3564 222
11.398 223
11.4396 224
11.4812 225
11.4812 226
11.5228 227
11.5644 228
11.606 229
11.6476 230
11.6892 231
11.7308 232
11.7724 233
11.814 234
11.8556 235
11.8972 236
11.8972 237
11.9388 238
11.9804 239
12.022 240
12.0636 241
12.1052 242
12.1468 243
12.1884 244
12.23 245
12.2716 246
12.3132 247
12.3548 248
12.3964 249
12.3964 250
12.438 251
12.4796 252
12.5212 253
12.5628 254
12.6044 255
12.646 256
12.6876 257
12.7292 258
12.7708 259
12.8124 260
12.854 261
12.8956 262
12.8956 263
12.9372 264
12.9788 265
13.0204 266
13.062 267
13.1036 268
13.1452 269
13.1868 270
13.2284 271
13.27 272
13.3116 273
13.3532 274
13.3948 275
13.4364 276
13.478 277
13.478 278
13.5196 279
13.5612 280
13.6028 281
13.6444 282
13.686 283
13.7276 284
13.7692 285
13.8108 286
13.8524 287
13.894 288
13.9356 289
13.9772 290
14.0188 291
14.0604 292
14.0604 293
14.102 294
14.1436 295
14.1852 296
14.2268 297
14.2684 298
14.31 299
14.3516 300
14.3932 301
14.4348 302
14.4764 303
14.518 304
14.5596 305
14.6012 306
14.6428 307
14.6844 308
14.726 309
14.7676 293
15.35 310
15.35 311
15.5932 312
15.5932 313
15.6348 314
15.6348 315
15.8364 316
15.8364 317
15.878 318
15.878 319
15.9196 320
15.9196 321
15.9612 322
16.0796 323
16.1212 324
16.1628 325
16.2044 326
16.246 327
16.2876 328
16.3292 329
16.3292 330
16.3708 331
16.4124 332
16.454 333
16.4956 334
16.5372 335
16.5788 336
16.6204 337
16.662 338
16.662 339
16.7036 340
16.7452 341
16.7868 342
16.8284 343
16.87 344
16.9116 345
16.9532 346
16.9948 347
17.0364 348
17.078 349
17.078 350
17.1196 351
17.1612 352
17.2028 353
17.2444 354
17.286 355
17.3276 356
17.3692 357
17.4108 358
17.4524 359
17.494 360
17.494 361
17.5356 362
17.5772 363
17.6188 364
17.6604 365
17.702 366
17.7436 367
17.7852 368
17.8268 369
17.8684 370
17.91 371
17.9516 372
17.9932 373
17.9932 374
18.0348 375
18.0764 376
18.118 377
18.1596 378
18.2012 379
18.2428 380
18.2844 381
18.326 382
18.3676 383
18.4092 384
18.4508 385
18.4924 386
18.4924 387
18.534 388
18.5756 389
18.6172 390
18.6588 391
18.7004 392
18.742 393
18.7836 394
18.8252 395
18.8668 396
18.9084 397
18.95 398
18.9916 399
19.0332 400
19.0748 401
19.0748 402
19.1164 403
19.158 404
19.1996 405
19.2412 406
19.2828 407
19.3244 408
19.366 409
19.4076 410
19.4492 411
19.4908 412
19.5324 413
19.574 414
19.6156 415
19.6572 416
19.6572 417
19.6988 418
19.7404 419
19.782 420
19.8236 421
19.8652 422
19.9068 423
19.9484 424
19.99 425
20.0316 426
20.0732 427
20.1148 428
20.1564 429
20.198 430
20.2396 431
20.2812 432
20.3228 433
20.3644 417
20.9468 434
20.9468 435
21.19 436
21.19 437
21.2316 438
21.2316 439
21.4332 440
21.4332 441
21.4748 442
21.4748 443
21.5164 444
21.5164 445
21.558 446
21.6764 447
21.718 448
21.7596 449
21.8012 450
21.8428 451
21.8844 452
21.926 453
21.926 454
21.9676 455
22.0092 456
22.0508 457
22.0924 458
22.134 459
22.1756 460
22.2172 461
22.2588 462
22.2588 463
22.3004 464
22.342 465
22.3836 466
22.4252 467
22.4668 468
22.5084 469
22.55 470
22.5916 471
22.6332 472
22.6748 473
22.6748 474
22.7164 475
22.758 476
22.7996 477
22.8412 478
22.8828 479
22.9244 480
22.966 481
23.0076 482
23.0492 483
23.0908 484
23.0908 485
23.1324 486
23.174 487
23.2156 488
23.2572 489
23.2988 490
23.3404 491
23.382 492
23.4236 493
23.4652 494
23.5068 495
23.5484 496
23.59 497
23.59 498
23.6316 499
23.6732 500
23.7148 501
23.7564 502
23.798 503
23.8396 504
23.8812 505
23.9228 506
23.9644 507
24.006 508
24.0476 509
24.0892 510
24.0892 511
24.1308 512
24.1724 513
24.214 514
24.2556 515
24.2972 516
24.3388 517
24.3804 518
24.422 519
24.4636 520
24.5052 521
24.5468 522
24.5884 523
24.63 524
24.6716 525
24.6716 526
24.7132 527
24.7548 528
24.7964 529
24.838 530
24.8796 531
24.9212 532
24.9628 533
25.0044 534
25.046 535
25.0876 536
25.1292 537
25.1708 538
25.2124 539
25.254 540
25.254 541
25.2956 542
25.3372 543
25.3788 544
25.4204 545
25.462 546
25.5036 547
25.5452 548
25.5868 549
25.6284 550
25.67 551
25.7116 552
25.7532 553
25.7948 554
25.8364 555
25.878 556
25.9196 557
25.9612 541
26.5436 558
26.5436 559
26.7868 560
26.7868 561
26.8284 562
26.8284 563
27.03 564
27.03 565
27.0716 566
27.0716 567
27.1132 568
27.1132 569
27.1548 570
27.2732 571
27.3148 572
27.3564 573
27.398 574
27.4396 575
27.4812 576
27.5228 577
27.5228 578
27.5644 579
27.606 580
27.6476 581
27.6892 582
27.7308 583
27.7724 584
27.814 585
27.8556 586
27.8556 587
27.8972 588
27.9388 589
27.9804 590
28.022 591
28.0636 592
28.1052 593
28.1468 594
28.1884 595
28.23 596
28.2716 597
28.2716 598
28.3132 599
28.3548 600
28.3964 601
28.438 602
28.4796 603
28.5212 604
28.5628 605
28.6044 606
28.646 607
28.6876 608
28.6876 609
28.7292 610
28.7708 611
28.8124 612
28.854 613
28.8956 614
28.9372 615
28.9788 616
29.0204 617
29.062 618
29.1036 619
29.1452 620
29.1868 621
29.1868 622
29.2284 623
29.27 624
29.3116 625
29.3532 626
29.3948 627
29.4364 628
29.478 629
29.5196 630
29.5612 631
29.6028 632
29.6444 633
29.686 634
29.686 635
29.7276 636
29.7692 637
29.8108 638
29.8524 639
29.894 640
29.9356 641
29.9772 642
30.0188 643
30.0604 644
30.102 645
30.1436 646
30.1852 647
30.2268 648
30.2684 649
30.2684 650
30.31 651
30.3516 652
30.3932 653
30.4348 654
30.4764 655
30.518 656
30.5596 657
30.6012 658
30.6428 659
30.6844 660
30.726 661
30.7676 662
30.8092 663
30.8508 664
30.8508 665
30.8924 666
30.934 667
30.9756 668
31.0172 669
31.0588 670
31.1004 671
31.142 672
31.1836 673
31.2252 674
31.2668 675
31.3084 676
31.35 677
31.3916 678
31.4332 679
31.4748 680
31.5164 681
31.558 665
32.1404 682
32.1404 683
32.3836 684
32.3836 685
32.4252 686
32.4252 687
32.6268 688
32.6268 689
32.6684 690
32.6684 691
32.71 692
32.71 693
32.7516 694
32.87 695
32.9116 696
32.9532 697
32.9948 698
33.0364 699
33.078 700
33.1196 701
33.1196 702
33.1612 703
33.2028 704
33.2444 705
33.286 706
33.3276 707
33.3692 708
33.4108 709
33.4524 710
33.4524 711
33.494 712
33.5356 713
33.5772 714
33.6188 715
33.6604 716
33.702 717
33.7436 718
33.7852 719
33.8268 720
33.8684 721
33.8684 722
33.91 723
33.9516 724
33.9932 725
34.0348 726
34.0764 727
34.118 728
34.1596 729
34.2012 730
34.2428 731
34.2844 732
34.2844 733
34.326 734
34.3676 735
34.4092 736
34.4508 737
34.4924 738
34.534 739
34.5756 740
34.6172 741
34.6588 742
34.7004 743
34.742 744
34.7836 745
34.7836 746
34.8252 747
34.8668 748
34.9084 749
34.95 750
34.9916 751
35.0332 752
35.0748 753
35.1164 754
35.158 755
35.1996 756
35.2412 757
35.2828 758
35.2828 759
35.3244 760
35.366 761
35.4076 762
35.4492 763
35.4908 764
35.5324 765
35.574 766
35.6156 767
35.6572 768
35.6988 769
35.7404 770
35.782 771
35.8236 772
35.8652 773
35.8652 774
35.9068 775
35.9484 776
35.99 777
36.0316 778
36.0732 779
36.1148 780
36.1564 781
36.198 782
36.2396 783
36.2812 784
36.3228 785
36.3644 786
36.406 787
36.4476 788
36.4476 789
36.4892 790
36.5308 791
36.5724 792
36.614 793
36.6556 794
36.6972 795
36.7388 796
36.7804 797
36.822 798
36.8636 799
36.9052 800
36.9468 801
36.9884 802
37.03 803
37.0716 804
37.1132 805
37.1548 789
37.7372 806
37.7372 807
37.9804 808
37.9804 809
38.022 810
38.022 811
38.2236 812
38.2236 813
38.2652 814
38.2652 815
38.3068 816
38.3068 817
38.3484 818
38.4668 819
38.5084 820
38.55 821
38.5916 822
38.6332 823
38.6748 824
38.7164 825
38.7164 826
38.758 827
38.7996 828
38.8412 829
38.8828 830
38.9244 831
38.966 832
39.0076 833
39.0492 834
39.0492 835
39.0908 836
39.1324 837
39.174 838
39.2156 839
39.2572 840
39.2988 841
39.3404 842
39.382 843
39.4236 844
39.4652 845
39.4652 846
39.5068 847
39.5484 848
39.59 849
39.6316 850
39.6732 851
39.7148 852
39.7564 853
39.798 854
39.8396 855
39.8812 856
39.8812 857
39.9228 858
39.9644 859
